10.0
13.979999542236328
10.6899995803833
10.0
13.020000457763672
16.3799991607666
16.31999969482422
12.180000305175781
10.649999618530273
17.540000915527344
15.609999656677246
15.539999961853027
12.510000228881836
12.039999961853027
16.450000762939453
18.030000686645508
14.449999809265137
16.940000534057617
19.940000534057617
15.0
22.15999984741211
14.609999656677246
16.56999969482422
21.469999313354492
19.510000228881836
20.139999389648438
17.6299991607666
17.899999618530273
18.56999969482422
19.040000915527344
20.020000457763672
22.030000686645508
18.75
16.850000381469727
21.670000076293945
25.610000610351562
17.989999771118164
21.149999618530273
21.0
20.6200008392334
27.459999084472656
24.799999237060547
21.6200008392334
23.920000076293945
20.8799991607666
21.56999969482422
20.059999465942383
22.579999923706055
23.690000534057617
19.81999969482422
29.690000534057617
20.850000381469727
28.1200008392334
17.18000030517578
22.239999771118164
29.920000076293945
25.889999389648438
27.8700008392334
30.260000228881836
23.899999618530273
23.56999969482422
27.3799991607666
27.520000457763672
23.190000534057617
27.420000076293945
26.270000457763672
27.3799991607666
28.450000762939453
27.6200008392334
29.940000534057617
25.079999923706055
29.969999313354492
23.68000030517578
26.110000610351562
26.18000030517578
26.770000457763672
33.29999923706055
25.700000762939453
25.81999969482422
31.520000457763672
28.899999618530273
30.8799991607666
28.239999771118164
32.130001068115234
25.559999465942383
24.969999313354492
34.7400016784668
28.950000762939453
28.420000076293945
33.0099983215332
30.860000610351562
31.360000610351562
33.75
26.530000686645508
32.2599983215332
31.040000915527344
28.190000534057617
34.220001220703125
32.70000076293945
28.989999771118164
32.84000015258789
32.77000045776367
28.260000228881836
29.850000381469727
35.959999084472656
34.310001373291016
28.719999313354492
29.469999313354492
31.530000686645508
33.38999938964844
29.190000534057617
28.469999313354492
33.88999938964844
27.479999542236328
25.889999389648438
36.060001373291016
29.899999618530273
34.349998474121094
37.0099983215332
34.790000915527344
29.34000015258789
32.15999984741211
29.270000457763672
31.010000228881836
32.619998931884766
25.690000534057617
34.36000061035156
35.83000183105469
32.56999969482422
36.16999816894531
30.90999984741211
35.41999816894531
33.220001220703125
31.850000381469727
35.0
31.860000610351562
35.43000030517578
36.65999984741211
31.829999923706055
34.31999969482422
33.4900016784668
26.389999389648438
34.83000183105469
31.219999313354492
29.68000030517578
34.279998779296875
30.239999771118164
33.880001068115234
35.959999084472656
32.84000015258789
35.2599983215332
37.70000076293945
34.9900016784668
37.43000030517578
32.0
32.900001525878906
33.619998931884766
38.5099983215332
34.31999969482422
30.709999084472656
35.869998931884766
32.20000076293945
28.559999465942383
32.16999816894531
30.170000076293945
38.880001068115234
36.470001220703125
34.86000061035156
35.810001373291016
36.5099983215332
38.16999816894531
32.470001220703125
35.310001373291016
40.810001373291016
36.47999954223633
36.540000915527344
34.29999923706055
32.93000030517578
32.90999984741211
38.439998626708984
37.15999984741211
38.189998626708984
36.90999984741211
36.68000030517578
35.939998626708984
32.560001373291016
36.29999923706055
35.15999984741211
38.65999984741211
37.150001525878906
26.649999618530273
37.060001373291016
32.27000045776367
38.52000045776367
34.560001373291016
37.11000061035156
41.310001373291016
31.15999984741211
31.610000610351562
38.15999984741211
36.20000076293945
35.970001220703125
38.83000183105469
40.20000076293945
35.40999984741211
30.030000686645508
35.959999084472656
39.47999954223633
37.54999923706055
36.060001373291016
33.369998931884766
33.5099983215332
35.97999954223633
32.880001068115234
33.279998779296875
37.650001525878906
37.15999984741211
32.2599983215332
39.72999954223633
34.380001068115234
35.41999816894531
33.83000183105469
37.349998474121094
31.18000030517578
36.220001220703125
36.54999923706055
33.22999954223633
35.099998474121094
35.27000045776367
40.150001525878906
39.36000061035156
37.84000015258789
38.34000015258789
37.560001373291016
35.5099983215332
36.5099983215332
40.59000015258789
41.0099983215332
36.34000015258789
36.97999954223633
37.900001525878906
33.08000183105469
36.79999923706055
32.5099983215332
30.790000915527344
39.130001068115234
39.16999816894531
42.279998779296875
41.04999923706055
37.209999084472656
36.33000183105469
41.59000015258789
37.720001220703125
41.58000183105469
37.310001373291016
39.540000915527344
32.2599983215332
31.799999237060547
33.86000061035156
39.04999923706055
36.90999984741211
34.97999954223633
39.0
36.5099983215332
36.84000015258789
35.939998626708984
35.56999969482422
34.959999084472656
31.09000015258789
35.27000045776367
42.31999969482422
38.88999938964844
34.08000183105469
38.88999938964844
40.16999816894531
40.119998931884766
39.439998626708984
38.880001068115234
39.08000183105469
40.09000015258789
40.880001068115234
39.97999954223633
42.0099983215332
39.290000915527344
41.150001525878906
41.70000076293945
40.79999923706055
37.040000915527344
42.75
39.75
43.7400016784668
39.36000061035156
41.16999816894531
42.439998626708984
42.9900016784668
44.599998474121094
44.16999816894531
38.59000015258789
43.7599983215332
44.13999938964844
39.9900016784668
43.279998779296875
41.4900016784668
41.41999816894531
41.7400016784668
43.88999938964844
41.84000015258789
39.75
43.349998474121094
41.880001068115234
42.310001373291016
42.470001220703125
42.45000076293945
42.689998626708984
40.060001373291016
43.86000061035156
38.5
38.540000915527344
42.54999923706055
41.91999816894531
41.150001525878906
40.02000045776367
40.58000183105469
38.470001220703125
40.209999084472656
44.02000045776367
40.52000045776367
41.369998931884766
42.529998779296875
42.5
40.45000076293945
41.72999954223633
42.45000076293945
41.099998474121094
43.36000061035156
35.709999084472656
42.47999954223633
36.689998626708984
42.27000045776367
36.95000076293945
43.880001068115234
41.810001373291016
42.11000061035156
36.349998474121094
42.939998626708984
41.65999984741211
43.5099983215332
40.349998474121094
42.47999954223633
44.2400016784668
43.5
39.040000915527344
41.459999084472656
43.529998779296875
43.369998931884766
35.970001220703125
41.560001373291016
40.16999816894531
42.79999923706055
43.83000183105469
36.70000076293945
38.81999969482422
43.25
43.84000015258789
35.970001220703125
42.220001220703125
39.650001525878906
43.119998931884766
42.79999923706055
40.22999954223633
40.220001220703125
41.2599983215332
42.119998931884766
41.88999938964844
37.20000076293945
41.38999938964844
40.7599983215332
43.310001373291016
38.77000045776367
41.22999954223633
37.939998626708984
41.279998779296875
39.58000183105469
37.599998474121094
40.13999938964844
39.43000030517578
42.529998779296875
41.150001525878906
38.68000030517578
43.70000076293945
41.38999938964844
43.0
41.47999954223633
40.470001220703125
42.08000183105469
38.810001373291016
38.2400016784668
38.790000915527344
40.83000183105469
38.63999938964844
41.779998779296875
39.15999984741211
35.439998626708984
39.47999954223633
37.68000030517578
38.11000061035156
42.09000015258789
38.900001525878906
37.90999984741211
41.43000030517578
40.2599983215332
43.689998626708984
42.439998626708984
38.81999969482422
42.5099983215332
41.84000015258789
42.38999938964844
40.27000045776367
39.459999084472656
38.380001068115234
40.790000915527344
41.38999938964844
41.90999984741211
36.810001373291016
37.54999923706055
40.5
39.06999969482422
43.79999923706055
39.08000183105469
41.849998474121094
42.709999084472656
40.93000030517578
43.68000030517578
42.189998626708984
39.56999969482422
38.29999923706055
41.58000183105469
42.18000030517578
43.810001373291016
42.47999954223633
41.630001068115234
42.599998474121094
40.91999816894531
43.08000183105469
44.47999954223633
42.150001525878906
42.4900016784668
42.97999954223633
41.88999938964844
43.630001068115234
43.130001068115234
41.08000183105469
42.900001525878906
42.5099983215332
43.220001220703125
44.130001068115234
41.09000015258789
42.2599983215332
42.08000183105469
40.16999816894531
42.849998474121094
41.61000061035156
38.290000915527344
41.84000015258789
40.79999923706055
43.47999954223633
40.72999954223633
42.540000915527344
43.27000045776367
42.970001220703125
43.5099983215332
41.04999923706055
42.2400016784668
43.060001373291016
43.9900016784668
41.779998779296875
41.529998779296875
42.849998474121094
43.83000183105469
43.709999084472656
42.060001373291016
43.349998474121094
41.7400016784668
43.47999954223633
44.150001525878906
43.84000015258789
43.27000045776367
41.68000030517578
41.900001525878906
42.41999816894531
43.619998931884766
44.31999969482422
43.68000030517578
43.900001525878906
42.189998626708984
42.689998626708984
43.59000015258789
43.90999984741211
44.349998474121094
44.18000030517578
