3.217249870300293
4.141353607177734
4.4066057205200195
4.321040630340576
4.5435099601745605
4.680414199829102
7.529733657836914
6.648412704467773
6.374604225158691
6.374604225158691
6.665525913238525
6.554291248321533
6.537178039550781
6.828099727630615
6.716865062713623
6.605630397796631
6.571403980255127
6.999229907989502
7.281594753265381
7.846324920654297
7.666638374328613
7.923333644866943
7.966116428375244
8.171472549438477
8.462393760681152
8.445281028747559
8.539402961730957
9.189698219299316
8.88166332244873
9.540514945983887
9.617524147033691
10.156583786010742
10.935227394104004
9.677419662475586
10.498845100402832
10.113801956176758
11.080687522888184
11.482844352722168
10.960896492004395
11.636861801147461
11.414392471313477
11.508513450622559
11.294600486755371
11.123470306396484
12.44973087310791
12.552408218383789
12.398391723632812
12.766321182250977
13.108582496643066
13.98134708404541
14.049798965454102
13.664755821228027
12.971677780151367
13.827329635620117
13.852998733520508
13.758877754211426
14.46906852722168
15.30760669708252
14.991015434265137
15.299050331115723
15.898006439208984
16.188928604125977
16.573970794677734
16.197484970092773
16.41139793395996
15.98357105255127
16.077693939208984
16.44562339782715
16.745101928710938
16.924787521362305
17.26704978942871
16.90767478942871
17.335500717163086
17.070249557495117
17.155813217163086
17.489519119262695
17.53230094909668
18.11414337158203
18.131256103515625
17.900230407714844
18.03713607788086
18.336612701416016
18.94412612915039
19.20937728881836
19.406177520751953
19.06391716003418
18.781551361083984
19.14948272705078
19.0125789642334
19.226490020751953
19.235048294067383
19.36339569091797
19.697099685668945
19.979463577270508
20.06502914428711
20.15059471130371
19.868228912353516
19.988019943237305
20.527080535888672
21.04047203063965
21.014802932739258
21.27149772644043
21.348506927490234
21.562419891357422
21.493967056274414
21.819114685058594
21.374176025390625
21.442628860473633
21.904680252075195
21.8961238861084
21.759220123291016
22.092924118041992
22.050140380859375
22.28116798400879
22.409515380859375
22.400959014892578
22.409515380859375
22.554975509643555
22.495080947875977
22.828784942626953
22.905792236328125
23.2480525970459
23.025583267211914
23.256608963012695
23.2480525970459
23.590314865112305
23.4277400970459
23.402070999145508
23.444852828979492
23.325061798095703
23.273723602294922
23.65876579284668
23.402070999145508
23.39351463317871
23.479080200195312
23.6929931640625
23.556087493896484
23.81278419494629
23.83845329284668
23.881235122680664
23.95824432373047
24.112260818481445
23.98391342163086
24.18927001953125
24.531530380249023
24.54008674621582
24.582870483398438
24.51441764831543
24.45452117919922
24.377513885498047
24.51441764831543
24.625652313232422
24.497304916381836
24.505861282348633
24.831008911132812
24.63420867919922
24.63420867919922
24.753999710083008
24.89090347290039
25.09626007080078
25.062034606933594
25.079147338867188
25.1304874420166
25.207494735717773
25.19038200378418
25.21605110168457
25.34440040588379
25.241722106933594
25.181825637817383
25.207494735717773
25.207494735717773
25.16471290588379
25.1304874420166
25.284503936767578
25.258834838867188
25.387182235717773
25.57542610168457
25.57542610168457
25.652433395385742
25.54975700378418
25.48986053466797
25.438522338867188
25.472747802734375
25.39573860168457
25.447078704833984
25.60109519958496
25.54119873046875
25.51552963256836
25.592538833618164
25.60109519958496
25.652433395385742
25.755111694335938
25.80645179748535
25.763669967651367
25.81500816345215
25.883460998535156
25.81500816345215
25.763669967651367
25.92624282836914
25.934799194335938
