4.340527534484863
4.868105411529541
5.107913494110107
5.227817535400391
5.68345308303833
5.947242259979248
5.87529993057251
9.592326164245605
9.088728904724121
5.827338218688965
6.450839519500732
5.587530136108398
11.318944931030273
10.287769317626953
12.2062349319458
13.069544792175293
13.165467262268066
15.539567947387695
10.647481918334961
7.889688014984131
12.877697944641113
6.330935478210449
12.18225383758545
13.333333015441895
10.815347671508789
15.41966438293457
18.72901725769043
13.645084381103516
13.501198768615723
14.364508628845215
18.72901725769043
18.633092880249023
22.254196166992188
22.9256591796875
16.786571502685547
9.90407657623291
17.625898361206055
18.99280548095703
9.90407657623291
11.031174659729004
18.225419998168945
19.16067123413086
20.047962188720703
21.342926025390625
20.21582794189453
22.398080825805664
20.071943283081055
22.254196166992188
21.510791778564453
23.76498794555664
