10.0
10.0
10.0
10.0
10.0
10.069999694824219
10.0
10.0
10.59000015258789
10.579999923706055
15.1899995803833
14.59000015258789
10.0
10.239999771118164
11.1899995803833
15.460000038146973
14.319999694824219
16.459999084472656
13.770000457763672
17.989999771118164
15.390000343322754
16.229999542236328
17.09000015258789
20.079999923706055
14.970000267028809
18.010000228881836
19.8799991607666
17.829999923706055
17.889999389648438
20.559999465942383
17.440000534057617
15.130000114440918
18.6200008392334
15.850000381469727
11.210000038146973
18.139999389648438
17.729999542236328
18.329999923706055
18.309999465942383
20.43000030517578
17.649999618530273
23.18000030517578
18.079999923706055
23.65999984741211
21.030000686645508
25.90999984741211
22.729999542236328
19.899999618530273
23.719999313354492
14.880000114440918
13.9399995803833
20.200000762939453
23.229999542236328
26.860000610351562
21.670000076293945
20.979999542236328
18.280000686645508
26.479999542236328
21.020000457763672
16.440000534057617
26.15999984741211
26.1200008392334
19.450000762939453
21.010000228881836
21.780000686645508
27.229999542236328
18.079999923706055
25.1200008392334
23.3799991607666
23.549999237060547
19.059999465942383
21.600000381469727
24.84000015258789
26.8700008392334
23.040000915527344
26.010000228881836
17.010000228881836
24.229999542236328
21.079999923706055
20.1299991607666
24.6299991607666
24.709999084472656
18.219999313354492
24.709999084472656
26.510000228881836
16.65999984741211
29.959999084472656
26.700000762939453
26.540000915527344
14.0600004196167
27.809999465942383
25.940000534057617
19.309999465942383
25.59000015258789
28.020000457763672
29.420000076293945
30.610000610351562
28.739999771118164
20.809999465942383
19.65999984741211
23.639999389648438
26.520000457763672
22.600000381469727
22.229999542236328
21.950000762939453
30.040000915527344
29.75
22.3700008392334
30.6200008392334
20.950000762939453
30.219999313354492
29.860000610351562
27.93000030517578
27.780000686645508
29.209999084472656
23.010000228881836
23.979999542236328
29.020000457763672
26.969999313354492
23.65999984741211
24.690000534057617
26.350000381469727
25.989999771118164
25.030000686645508
33.900001525878906
22.020000457763672
27.739999771118164
29.06999969482422
33.400001525878906
28.31999969482422
29.09000015258789
27.639999389648438
31.510000228881836
30.959999084472656
29.549999237060547
27.56999969482422
24.75
21.25
27.84000015258789
30.969999313354492
33.0
36.18000030517578
29.190000534057617
28.940000534057617
19.860000610351562
23.270000457763672
24.90999984741211
28.389999389648438
30.0
31.649999618530273
36.689998626708984
33.61000061035156
26.920000076293945
25.020000457763672
24.600000381469727
30.809999465942383
31.770000457763672
31.600000381469727
18.299999237060547
27.43000030517578
27.030000686645508
31.690000534057617
31.790000915527344
27.850000381469727
28.329999923706055
29.59000015258789
33.81999969482422
34.400001525878906
31.489999771118164
27.299999237060547
33.04999923706055
27.5
36.790000915527344
29.559999465942383
27.700000762939453
33.119998931884766
29.239999771118164
25.190000534057617
28.93000030517578
33.779998779296875
23.15999984741211
32.150001525878906
33.06999969482422
19.229999542236328
27.3700008392334
34.2400016784668
28.700000762939453
21.610000610351562
32.939998626708984
35.439998626708984
32.38999938964844
27.65999984741211
26.270000457763672
28.549999237060547
34.09000015258789
36.0099983215332
33.470001220703125
35.900001525878906
33.959999084472656
32.68000030517578
30.139999389648438
36.029998779296875
19.299999237060547
30.59000015258789
34.619998931884766
33.349998474121094
32.04999923706055
40.47999954223633
25.899999618530273
20.219999313354492
34.56999969482422
35.95000076293945
36.619998931884766
28.670000076293945
38.88999938964844
32.540000915527344
31.600000381469727
34.90999984741211
28.579999923706055
21.979999542236328
40.0099983215332
30.920000076293945
30.06999969482422
35.31999969482422
31.559999465942383
27.59000015258789
35.08000183105469
29.75
38.650001525878906
34.810001373291016
22.770000457763672
34.279998779296875
30.299999237060547
30.690000534057617
31.399999618530273
28.90999984741211
34.0
26.559999465942383
34.880001068115234
35.63999938964844
27.899999618530273
29.899999618530273
34.95000076293945
31.3700008392334
31.520000457763672
33.7599983215332
32.66999816894531
23.850000381469727
33.59000015258789
37.15999984741211
42.959999084472656
40.18000030517578
27.739999771118164
31.780000686645508
40.09000015258789
29.579999923706055
31.959999084472656
29.270000457763672
34.75
30.010000228881836
33.91999816894531
29.030000686645508
44.47999954223633
33.09000015258789
38.66999816894531
33.22999954223633
34.91999816894531
36.880001068115234
26.010000228881836
33.61000061035156
34.959999084472656
30.8799991607666
37.459999084472656
34.13999938964844
37.810001373291016
33.709999084472656
36.86000061035156
27.93000030517578
39.59000015258789
36.630001068115234
35.209999084472656
40.59000015258789
30.8799991607666
34.119998931884766
35.220001220703125
33.779998779296875
32.59000015258789
36.220001220703125
35.43000030517578
35.04999923706055
36.08000183105469
34.439998626708984
36.619998931884766
33.15999984741211
33.66999816894531
34.439998626708984
34.650001525878906
35.470001220703125
31.579999923706055
39.34000015258789
32.790000915527344
23.329999923706055
37.38999938964844
35.68000030517578
30.6299991607666
38.04999923706055
28.209999084472656
34.56999969482422
37.7599983215332
39.7599983215332
39.209999084472656
35.5099983215332
30.809999465942383
26.729999542236328
39.970001220703125
31.770000457763672
41.95000076293945
38.4900016784668
36.880001068115234
38.18000030517578
31.84000015258789
27.760000228881836
36.130001068115234
33.790000915527344
43.439998626708984
35.04999923706055
41.16999816894531
35.43000030517578
44.63999938964844
35.619998931884766
42.45000076293945
37.38999938964844
30.790000915527344
41.09000015258789
39.63999938964844
39.77000045776367
26.25
41.34000015258789
36.060001373291016
38.970001220703125
37.209999084472656
41.400001525878906
40.720001220703125
35.150001525878906
34.810001373291016
35.209999084472656
40.970001220703125
41.040000915527344
38.25
35.65999984741211
33.060001373291016
40.7599983215332
45.869998931884766
44.349998474121094
37.54999923706055
35.11000061035156
42.040000915527344
37.880001068115234
39.40999984741211
38.220001220703125
37.439998626708984
30.18000030517578
36.93000030517578
33.470001220703125
37.939998626708984
33.08000183105469
39.369998931884766
38.34000015258789
30.889999389648438
37.9900016784668
42.0
45.470001220703125
31.139999389648438
39.790000915527344
42.56999969482422
40.31999969482422
40.06999969482422
35.56999969482422
42.70000076293945
43.90999984741211
44.70000076293945
34.09000015258789
38.2400016784668
34.880001068115234
32.83000183105469
32.400001525878906
33.529998779296875
36.47999954223633
36.4900016784668
32.31999969482422
34.04999923706055
31.920000076293945
44.380001068115234
43.95000076293945
36.2400016784668
41.5
41.68000030517578
34.290000915527344
25.170000076293945
41.619998931884766
38.91999816894531
37.939998626708984
33.72999954223633
39.5099983215332
40.40999984741211
35.31999969482422
45.66999816894531
35.22999954223633
38.369998931884766
41.130001068115234
44.029998779296875
32.310001373291016
42.25
43.25
28.399999618530273
39.869998931884766
37.869998931884766
43.09000015258789
41.619998931884766
37.75
45.45000076293945
40.869998931884766
33.540000915527344
31.6299991607666
42.84000015258789
43.33000183105469
36.560001373291016
44.470001220703125
35.86000061035156
35.36000061035156
37.369998931884766
32.08000183105469
37.18000030517578
40.56999969482422
42.84000015258789
39.790000915527344
42.70000076293945
38.13999938964844
44.630001068115234
43.959999084472656
40.15999984741211
40.43000030517578
44.970001220703125
33.7400016784668
41.65999984741211
44.63999938964844
36.439998626708984
32.310001373291016
42.43000030517578
46.790000915527344
41.220001220703125
44.08000183105469
35.0099983215332
38.33000183105469
33.279998779296875
25.549999237060547
42.95000076293945
44.56999969482422
42.81999969482422
39.27000045776367
42.0
40.869998931884766
39.880001068115234
38.59000015258789
40.029998779296875
42.970001220703125
41.290000915527344
38.72999954223633
36.810001373291016
39.02000045776367
43.5
41.599998474121094
40.9900016784668
37.88999938964844
39.279998779296875
40.400001525878906
34.70000076293945
41.529998779296875
38.65999984741211
36.79999923706055
45.02000045776367
40.970001220703125
39.7599983215332
32.189998626708984
46.11000061035156
42.04999923706055
45.790000915527344
29.020000457763672
34.88999938964844
43.2599983215332
36.279998779296875
47.650001525878906
34.83000183105469
47.77000045776367
49.0099983215332
45.22999954223633
44.52000045776367
44.66999816894531
38.81999969482422
32.22999954223633
