11.680000305175781
17.31999969482422
7.960000038146973
12.210000038146973
16.34000015258789
16.06999969482422
17.81999969482422
21.469999313354492
21.229999542236328
27.540000915527344
10.739999771118164
20.809999465942383
26.450000762939453
23.93000030517578
28.75
28.959999084472656
23.059999465942383
44.43000030517578
17.170000076293945
33.59000015258789
37.97999954223633
32.790000915527344
40.18000030517578
24.739999771118164
37.439998626708984
52.18000030517578
42.130001068115234
56.93000030517578
50.5099983215332
30.920000076293945
42.599998474121094
62.880001068115234
46.95000076293945
49.40999984741211
44.720001220703125
54.11000061035156
52.86000061035156
61.040000915527344
53.5
57.709999084472656
59.529998779296875
49.79999923706055
59.81999969482422
59.380001068115234
51.90999984741211
45.36000061035156
62.130001068115234
53.16999816894531
58.5
67.97000122070312
68.1500015258789
61.720001220703125
69.54000091552734
64.69000244140625
65.88999938964844
65.51000213623047
71.30000305175781
71.95999908447266
70.37999725341797
69.55000305175781
69.33999633789062
62.060001373291016
68.55000305175781
72.05999755859375
70.87000274658203
70.4800033569336
72.66999816894531
72.75
73.33000183105469
71.54000091552734
73.25
74.61000061035156
75.0
74.7300033569336
74.9800033569336
75.7699966430664
72.47000122070312
76.0199966430664
72.43000030517578
73.7699966430664
72.73999786376953
74.80000305175781
76.97000122070312
74.79000091552734
76.30000305175781
77.6500015258789
74.94999694824219
75.91999816894531
76.43000030517578
75.37000274658203
76.25
77.41000366210938
75.68000030517578
77.02999877929688
75.5
76.63999938964844
76.0199966430664
77.02999877929688
77.30000305175781
76.05000305175781
76.58000183105469
76.88999938964844
77.55000305175781
78.1500015258789
77.9000015258789
77.76000213623047
77.73999786376953
77.06999969482422
77.76000213623047
77.73999786376953
77.48999786376953
78.1500015258789
77.94000244140625
77.5
78.12000274658203
77.55999755859375
78.18000030517578
78.0
78.0199966430664
78.27999877929688
78.4800033569336
77.73999786376953
78.12000274658203
78.4800033569336
78.13999938964844
77.97000122070312
78.31999969482422
78.22000122070312
77.93000030517578
78.22000122070312
77.9800033569336
77.83000183105469
77.98999786376953
77.93000030517578
78.08000183105469
78.33999633789062
78.5
78.37000274658203
78.36000061035156
78.29000091552734
78.16999816894531
78.4000015258789
78.38999938964844
78.5999984741211
78.4800033569336
78.41999816894531
78.16000366210938
78.37000274658203
78.30999755859375
78.30999755859375
78.23999786376953
78.30000305175781
78.45999908447266
78.44000244140625
78.38999938964844
78.52999877929688
78.55000305175781
78.7300033569336
78.62000274658203
78.56999969482422
78.52999877929688
78.47000122070312
78.66000366210938
78.6500015258789
78.62000274658203
78.68000030517578
78.63999938964844
78.62000274658203
78.52999877929688
78.62999725341797
78.62000274658203
78.6500015258789
78.61000061035156
78.54000091552734
78.56999969482422
78.55000305175781
78.55000305175781
78.5
78.47000122070312
78.45999908447266
78.5
78.51000213623047
78.56999969482422
78.48999786376953
78.55999755859375
78.55999755859375
78.47000122070312
78.58999633789062
78.62999725341797
78.63999938964844
78.62000274658203
78.6500015258789
78.69000244140625
78.69000244140625
78.69999694824219
78.72000122070312
78.69999694824219
78.66000366210938
78.62999725341797
78.68000030517578
