9.960000038146973
9.9399995803833
10.630000114440918
11.630000114440918
12.479999542236328
13.0600004196167
14.619999885559082
19.229999542236328
26.6299991607666
33.90999984741211
40.95000076293945
47.959999084472656
52.54999923706055
55.36000061035156
59.36000061035156
62.5099983215332
65.2699966430664
66.75
67.45999908447266
69.0999984741211
69.12000274658203
69.68000030517578
70.37000274658203
70.79000091552734
71.41999816894531
71.91999816894531
72.73999786376953
72.86000061035156
73.80999755859375
74.05999755859375
74.47000122070312
74.97000122070312
74.87999725341797
75.62000274658203
75.66999816894531
75.72000122070312
76.26000213623047
76.5999984741211
76.66000366210938
77.12999725341797
77.19999694824219
77.3499984741211
77.44000244140625
77.9000015258789
77.87999725341797
78.19000244140625
78.33000183105469
78.48999786376953
78.69999694824219
78.83999633789062
78.83000183105469
79.0
79.02999877929688
79.04000091552734
79.30000305175781
79.37999725341797
79.5199966430664
79.70999908447266
79.58999633789062
79.81999969482422
79.83000183105469
79.93000030517578
79.9800033569336
80.05000305175781
80.1500015258789
80.2699966430664
80.27999877929688
80.26000213623047
80.4800033569336
80.54000091552734
80.68000030517578
80.69000244140625
80.7300033569336
80.81999969482422
80.9000015258789
80.9800033569336
80.95999908447266
81.05999755859375
81.05999755859375
81.12000274658203
81.20999908447266
81.19999694824219
81.22000122070312
81.2699966430664
81.2699966430664
81.33999633789062
81.37000274658203
81.33000183105469
81.4000015258789
81.48999786376953
81.45999908447266
81.5199966430664
81.55999755859375
81.58999633789062
81.5999984741211
81.73999786376953
81.7699966430664
81.73999786376953
81.7699966430664
81.91999816894531
81.91000366210938
81.91000366210938
81.91000366210938
81.94000244140625
81.97000122070312
81.95999908447266
82.06999969482422
82.0999984741211
82.08999633789062
82.19000244140625
82.19000244140625
82.22000122070312
82.13999938964844
82.18000030517578
82.19000244140625
82.23999786376953
82.30999755859375
82.30999755859375
82.37999725341797
82.41999816894531
82.31999969482422
82.41000366210938
82.41000366210938
82.38999938964844
82.38999938964844
82.41999816894531
82.33999633789062
82.37999725341797
82.4000015258789
82.41999816894531
82.44000244140625
82.45999908447266
82.4800033569336
82.48999786376953
82.4800033569336
82.44000244140625
82.5
82.47000122070312
82.44999694824219
82.44000244140625
82.47000122070312
82.4800033569336
82.44999694824219
82.45999908447266
82.48999786376953
82.51000213623047
82.51000213623047
82.48999786376953
82.4800033569336
82.48999786376953
82.44999694824219
82.45999908447266
82.45999908447266
82.41999816894531
82.45999908447266
82.45999908447266
82.47000122070312
82.5
82.5199966430664
82.52999877929688
82.51000213623047
82.54000091552734
82.54000091552734
82.51000213623047
82.55000305175781
82.52999877929688
82.5199966430664
82.52999877929688
82.54000091552734
82.55000305175781
82.55000305175781
82.52999877929688
82.55999755859375
82.56999969482422
82.56999969482422
82.56999969482422
82.56999969482422
82.52999877929688
82.55999755859375
82.56999969482422
82.55999755859375
82.58999633789062
82.5999984741211
82.62999725341797
82.58999633789062
82.5999984741211
82.58000183105469
82.58999633789062
82.58999633789062
82.5999984741211
82.5999984741211
82.61000061035156
82.61000061035156
82.62000274658203
82.61000061035156
82.62999725341797
82.5999984741211
82.5999984741211
82.58000183105469
82.58000183105469
