10.0
10.0
10.0
10.329999923706055
10.140000343322754
13.649999618530273
12.960000038146973
15.5
25.329999923706055
18.450000762939453
23.209999084472656
18.020000457763672
22.420000076293945
17.100000381469727
16.799999237060547
26.079999923706055
21.079999923706055
19.049999237060547
33.29999923706055
37.65999984741211
37.369998931884766
34.02000045776367
40.5099983215332
32.439998626708984
27.139999389648438
33.880001068115234
41.83000183105469
40.75
25.190000534057617
41.79999923706055
46.400001525878906
52.36000061035156
41.56999969482422
48.68000030517578
42.959999084472656
48.7400016784668
48.70000076293945
46.459999084472656
54.95000076293945
60.45000076293945
52.75
34.59000015258789
43.36000061035156
42.02000045776367
40.86000061035156
52.22999954223633
45.040000915527344
56.959999084472656
33.58000183105469
42.02000045776367
50.790000915527344
61.59000015258789
57.5099983215332
58.83000183105469
41.77000045776367
57.33000183105469
58.209999084472656
59.58000183105469
56.08000183105469
48.41999816894531
58.5099983215332
56.43000030517578
57.47999954223633
41.189998626708984
46.130001068115234
48.11000061035156
48.9900016784668
61.25
52.779998779296875
55.900001525878906
51.91999816894531
53.38999938964844
64.2699966430664
51.439998626708984
50.869998931884766
58.4900016784668
51.290000915527344
52.95000076293945
47.31999969482422
50.84000015258789
51.810001373291016
63.59000015258789
57.970001220703125
58.54999923706055
61.25
53.720001220703125
57.22999954223633
51.61000061035156
64.33000183105469
60.720001220703125
56.81999969482422
54.900001525878906
50.720001220703125
65.05000305175781
54.849998474121094
60.06999969482422
69.08999633789062
62.709999084472656
53.970001220703125
57.86000061035156
46.59000015258789
61.459999084472656
60.04999923706055
47.86000061035156
52.27000045776367
55.29999923706055
56.58000183105469
64.94000244140625
59.779998779296875
57.060001373291016
56.869998931884766
56.220001220703125
51.86000061035156
49.81999969482422
56.97999954223633
65.25
60.189998626708984
56.849998474121094
45.869998931884766
48.72999954223633
57.08000183105469
57.529998779296875
61.90999984741211
66.22000122070312
69.04000091552734
54.709999084472656
59.22999954223633
56.93000030517578
50.189998626708984
60.709999084472656
46.75
64.36000061035156
61.5099983215332
64.0
58.970001220703125
63.400001525878906
59.439998626708984
58.189998626708984
61.52000045776367
53.560001373291016
61.0
58.7400016784668
61.150001525878906
63.720001220703125
66.13999938964844
64.16999816894531
55.439998626708984
63.65999984741211
62.040000915527344
64.36000061035156
64.0
64.0
65.18000030517578
67.01000213623047
63.54999923706055
50.779998779296875
65.98999786376953
57.9900016784668
54.91999816894531
56.040000915527344
58.68000030517578
67.37999725341797
58.52000045776367
61.540000915527344
66.47000122070312
64.58999633789062
60.220001220703125
65.1500015258789
57.81999969482422
63.36000061035156
68.4800033569336
63.220001220703125
66.01000213623047
48.20000076293945
60.130001068115234
64.69000244140625
61.380001068115234
67.04000091552734
65.61000061035156
68.80000305175781
58.0
68.87999725341797
62.029998779296875
62.869998931884766
66.69000244140625
65.4000015258789
56.15999984741211
62.060001373291016
52.79999923706055
53.689998626708984
64.98999786376953
68.81999969482422
64.41000366210938
65.95999908447266
68.20999908447266
65.91999816894531
60.619998931884766
60.06999969482422
65.77999877929688
67.01000213623047
