13.829999923706055
9.970000267028809
10.170000076293945
15.59000015258789
9.84000015258789
12.300000190734863
13.579999923706055
14.819999694824219
11.079999923706055
10.0
17.43000030517578
10.710000038146973
11.069999694824219
10.9399995803833
13.649999618530273
14.84000015258789
17.309999465942383
13.65999984741211
10.0
17.579999923706055
11.1899995803833
10.0
10.0
15.229999542236328
12.510000228881836
11.680000305175781
13.539999961853027
10.069999694824219
11.460000038146973
10.079999923706055
10.0
12.579999923706055
17.540000915527344
10.0
15.760000228881836
17.149999618530273
10.0
14.760000228881836
13.579999923706055
10.029999732971191
16.780000686645508
12.399999618530273
12.90999984741211
17.459999084472656
18.780000686645508
18.049999237060547
16.549999237060547
14.09000015258789
13.920000076293945
17.3700008392334
11.6899995803833
15.069999694824219
13.569999694824219
14.640000343322754
16.6299991607666
14.630000114440918
16.299999237060547
18.540000915527344
18.889999389648438
10.220000267028809
17.09000015258789
10.460000038146973
18.81999969482422
19.739999771118164
14.380000114440918
18.170000076293945
13.949999809265137
18.739999771118164
18.389999389648438
18.8799991607666
12.25
17.25
15.40999984741211
13.920000076293945
18.360000610351562
17.690000534057617
17.709999084472656
20.270000457763672
21.190000534057617
17.969999313354492
17.3799991607666
18.940000534057617
11.75
18.280000686645508
23.68000030517578
17.799999237060547
17.389999389648438
21.18000030517578
17.200000762939453
20.75
18.1299991607666
19.959999084472656
20.43000030517578
20.040000915527344
18.059999465942383
21.170000076293945
16.459999084472656
21.670000076293945
21.729999542236328
18.239999771118164
21.43000030517578
19.360000610351562
24.440000534057617
19.8799991607666
25.84000015258789
23.8700008392334
20.950000762939453
24.31999969482422
19.389999389648438
24.899999618530273
21.84000015258789
19.06999969482422
26.25
20.600000381469727
22.520000457763672
24.420000076293945
18.579999923706055
23.34000015258789
23.420000076293945
25.899999618530273
26.299999237060547
21.690000534057617
25.549999237060547
27.969999313354492
22.469999313354492
25.899999618530273
26.049999237060547
23.100000381469727
23.25
23.700000762939453
25.68000030517578
24.56999969482422
27.940000534057617
27.950000762939453
23.270000457763672
26.8700008392334
28.1200008392334
25.979999542236328
27.799999237060547
28.239999771118164
26.780000686645508
28.860000610351562
25.780000686645508
28.139999389648438
29.170000076293945
26.760000228881836
28.270000457763672
27.469999313354492
27.149999618530273
28.229999542236328
26.709999084472656
26.420000076293945
27.709999084472656
28.100000381469727
28.350000381469727
27.299999237060547
27.850000381469727
29.729999542236328
29.6200008392334
27.31999969482422
28.049999237060547
29.540000915527344
29.559999465942383
28.799999237060547
28.579999923706055
29.719999313354492
28.969999313354492
28.700000762939453
29.56999969482422
29.079999923706055
28.93000030517578
29.489999771118164
29.079999923706055
28.950000762939453
29.920000076293945
28.989999771118164
29.1200008392334
30.170000076293945
29.690000534057617
29.84000015258789
29.68000030517578
29.31999969482422
29.670000076293945
29.850000381469727
29.149999618530273
29.389999389648438
30.25
29.459999084472656
29.84000015258789
29.579999923706055
29.93000030517578
28.799999237060547
29.3799991607666
29.649999618530273
29.8799991607666
29.329999923706055
29.850000381469727
29.850000381469727
29.84000015258789
29.790000915527344
29.75
29.829999923706055
29.860000610351562
29.719999313354492
29.8700008392334
29.75
29.950000762939453
29.68000030517578
29.889999389648438
29.940000534057617
29.809999465942383
29.93000030517578
29.860000610351562
29.729999542236328
29.940000534057617
30.020000457763672
30.010000228881836
29.979999542236328
30.059999465942383
29.8799991607666
30.049999237060547
30.020000457763672
29.790000915527344
29.8700008392334
29.920000076293945
30.170000076293945
30.020000457763672
29.950000762939453
29.93000030517578
29.809999465942383
29.969999313354492
29.8700008392334
29.90999984741211
29.84000015258789
29.93000030517578
30.010000228881836
29.920000076293945
29.84000015258789
30.010000228881836
30.100000381469727
30.040000915527344
29.8799991607666
29.969999313354492
29.899999618530273
29.90999984741211
29.8700008392334
30.020000457763672
29.950000762939453
30.010000228881836
29.940000534057617
29.950000762939453
30.030000686645508
30.010000228881836
30.059999465942383
29.959999084472656
29.950000762939453
29.940000534057617
30.0
30.020000457763672
29.979999542236328
29.940000534057617
29.959999084472656
30.0
29.950000762939453
29.989999771118164
30.020000457763672
29.889999389648438
29.93000030517578
29.969999313354492
29.969999313354492
29.969999313354492
29.940000534057617
29.93000030517578
29.950000762939453
29.940000534057617
29.93000030517578
29.940000534057617
29.969999313354492
30.020000457763672
29.93000030517578
29.979999542236328
29.959999084472656
29.940000534057617
29.93000030517578
29.90999984741211
29.979999542236328
29.90999984741211
29.940000534057617
29.899999618530273
29.969999313354492
29.899999618530273
29.93000030517578
29.969999313354492
29.969999313354492
30.0
29.93000030517578
29.899999618530273
29.93000030517578
29.899999618530273
29.940000534057617
29.940000534057617
29.940000534057617
29.889999389648438
29.959999084472656
29.899999618530273
29.8799991607666
29.979999542236328
29.950000762939453
29.959999084472656
29.950000762939453
29.950000762939453
29.920000076293945
29.90999984741211
29.989999771118164
29.989999771118164
30.040000915527344
30.030000686645508
30.010000228881836
29.93000030517578
29.940000534057617
29.969999313354492
29.90999984741211
29.90999984741211
29.93000030517578
29.899999618530273
29.899999618530273
29.8700008392334
29.889999389648438
29.920000076293945
29.920000076293945
29.8799991607666
29.90999984741211
29.920000076293945
29.90999984741211
29.90999984741211
29.90999984741211
29.920000076293945
29.93000030517578
29.889999389648438
29.90999984741211
29.920000076293945
29.93000030517578
29.90999984741211
29.940000534057617
29.90999984741211
29.899999618530273
29.940000534057617
29.93000030517578
29.940000534057617
29.8700008392334
29.889999389648438
29.889999389648438
29.90999984741211
29.889999389648438
29.940000534057617
29.920000076293945
29.940000534057617
29.940000534057617
29.940000534057617
29.940000534057617
29.90999984741211
29.940000534057617
29.940000534057617
29.940000534057617
29.920000076293945
29.93000030517578
29.93000030517578
29.93000030517578
29.950000762939453
29.950000762939453
29.940000534057617
29.969999313354492
29.950000762939453
29.950000762939453
29.940000534057617
29.959999084472656
29.959999084472656
29.950000762939453
29.950000762939453
29.969999313354492
29.979999542236328
29.979999542236328
29.979999542236328
29.969999313354492
29.969999313354492
29.969999313354492
29.979999542236328
29.989999771118164
30.0
29.959999084472656
29.959999084472656
29.969999313354492
29.969999313354492
29.969999313354492
29.959999084472656
29.950000762939453
29.969999313354492
29.979999542236328
29.950000762939453
29.950000762939453
29.950000762939453
29.950000762939453
29.950000762939453
29.979999542236328
29.969999313354492
29.950000762939453
29.969999313354492
29.979999542236328
29.959999084472656
29.959999084472656
29.979999542236328
29.969999313354492
29.979999542236328
29.969999313354492
29.969999313354492
29.959999084472656
29.979999542236328
29.979999542236328
29.969999313354492
29.959999084472656
29.979999542236328
29.979999542236328
29.979999542236328
29.979999542236328
29.979999542236328
29.969999313354492
29.969999313354492
29.969999313354492
29.969999313354492
29.969999313354492
29.969999313354492
29.969999313354492
29.959999084472656
29.979999542236328
29.950000762939453
29.959999084472656
29.950000762939453
29.950000762939453
29.950000762939453
29.959999084472656
29.959999084472656
29.959999084472656
29.969999313354492
29.969999313354492
29.969999313354492
29.979999542236328
29.959999084472656
29.969999313354492
29.979999542236328
29.969999313354492
29.959999084472656
29.959999084472656
29.959999084472656
29.950000762939453
29.950000762939453
29.950000762939453
29.950000762939453
29.959999084472656
29.950000762939453
29.950000762939453
29.959999084472656
29.959999084472656
29.950000762939453
29.950000762939453
29.950000762939453
29.959999084472656
29.959999084472656
29.959999084472656
29.959999084472656
29.950000762939453
29.950000762939453
29.959999084472656
29.950000762939453
29.950000762939453
29.959999084472656
29.950000762939453
29.959999084472656
29.959999084472656
29.959999084472656
29.959999084472656
29.969999313354492
29.969999313354492
29.950000762939453
29.950000762939453
29.950000762939453
29.950000762939453
29.950000762939453
29.950000762939453
29.950000762939453
29.950000762939453
29.950000762939453
29.959999084472656
29.959999084472656
29.950000762939453
29.950000762939453
29.950000762939453
29.959999084472656
29.950000762939453
29.950000762939453
29.950000762939453
