4.629075050354004
7.367160320281982
8.479507446289062
6.297595500946045
7.024899482727051
9.318045616149902
10.755539894104004
9.061349868774414
9.617524147033691
11.885000228881836
12.201591491699219
15.949345588684082
14.443398475646973
16.65097999572754
16.394283294677734
17.73765754699707
16.685205459594727
20.022247314453125
21.108924865722656
20.133481979370117
20.792333602905273
21.63087272644043
22.59775733947754
21.588088989257812
23.136817932128906
22.169933319091797
23.6929931640625
23.804227828979492
24.736886978149414
24.531530380249023
23.752887725830078
25.98613929748535
25.481304168701172
25.823564529418945
26.816120147705078
27.098485946655273
27.295286178588867
27.004364013671875
27.560537338256836
27.748781204223633
27.389406204223633
28.356292724609375
28.236501693725586
28.45897102355957
28.886796951293945
28.279285430908203
28.655771255493164
28.630102157592773
28.886796951293945
28.450414657592773
29.211944580078125
29.160606384277344
29.982030868530273
30.281509399414062
30.444082260131836
29.853683471679688
30.204500198364258
30.341405868530273
30.118934631347656
30.606657028198242
30.829126358032227
30.076152801513672
30.572431564331055
30.96603012084961
31.162830352783203
31.14571762084961
32.05270767211914
30.829126358032227
32.3436279296875
31.75322914123535
31.12004852294922
31.864465713500977
31.744672775268555
31.90724754333496
32.223838806152344
32.00136947631836
32.12971496582031
31.950029373168945
32.506202697753906
31.97570037841797
32.60032653808594
32.25806427001953
32.429195404052734
32.163944244384766
32.41208267211914
32.925472259521484
33.11371612548828
32.67733383178711
32.976810455322266
32.951141357421875
32.84846496582031
33.16505432128906
33.224952697753906
33.464534759521484
33.14794158935547
33.34474182128906
33.755455017089844
33.55865478515625
33.8666877746582
33.259178161621094
33.74689865112305
33.66133499145508
34.13194274902344
33.81534957885742
33.74689865112305
34.217506408691406
34.02070617675781
33.73834228515625
34.234619140625
34.20039367675781
34.234619140625
34.53409957885742
34.26028823852539
34.4228630065918
34.457088470458984
34.54265594482422
34.6025505065918
34.4228630065918
34.508426666259766
34.576881408691406
34.73945236206055
34.64533233642578
34.73089599609375
34.756568908691406
34.80790710449219
34.927696228027344
34.91058349609375
34.85924530029297
34.79935073852539
34.85068893432617
34.97903823852539
35.021820068359375
35.09027099609375
35.107383728027344
35.073158264160156
35.16727828979492
35.17583465576172
35.27851486206055
35.201507568359375
35.252845764160156
35.338409423828125
35.252845764160156
35.364078521728516
35.24428939819336
35.3983039855957
35.406864166259766
35.389747619628906
35.48387145996094
35.3983039855957
35.432533264160156
35.47531509399414
35.56087875366211
35.44964599609375
35.53520965576172
35.543766021728516
35.50098419189453
35.5865478515625
35.61221694946289
35.63788986206055
35.63788986206055
35.66355895996094
35.697784423828125
35.70634078979492
35.70634078979492
35.7747917175293
35.7662353515625
35.74056625366211
35.86891555786133
35.79190444946289
35.723453521728516
35.91169738769531
35.92025375366211
35.89458465576172
35.9544792175293
35.988704681396484
35.98014831542969
36.04859924316406
36.00581741333008
35.988704681396484
36.09138488769531
36.09994125366211
36.1341667175293
36.142723083496094
36.1341667175293
36.27106857299805
36.27962875366211
36.22828674316406
36.3138542175293
36.3138542175293
36.40797424316406
36.33952331542969
36.44219970703125
36.41653060913086
36.44219970703125
36.553436279296875
36.4935417175293
36.44219970703125
36.51065444946289
36.553436279296875
36.484981536865234
36.58766174316406
36.58766174316406
36.638999938964844
36.62188720703125
36.638999938964844
36.63044357299805
36.69889450073242
36.70745086669922
36.690338134765625
36.67322540283203
36.733123779296875
36.72456741333008
36.733123779296875
36.82724380493164
36.83580017089844
36.81013107299805
36.870025634765625
36.870025634765625
36.88713836669922
36.844356536865234
36.87858200073242
36.88713836669922
36.87858200073242
36.91280746459961
36.938480377197266
36.92992401123047
36.998374938964844
37.01548767089844
36.97270584106445
36.97270584106445
37.049713134765625
37.01548767089844
37.049713134765625
37.00693130493164
37.03260040283203
37.06682586669922
37.049713134765625
37.09249496459961
37.1096076965332
37.1096076965332
37.16950607299805
37.135276794433594
37.1267204284668
37.1267204284668
37.178062438964844
37.18661880493164
37.16094970703125
37.135276794433594
37.135276794433594
37.19517517089844
37.203731536865234
37.24651336669922
37.24651336669922
37.23795700073242
37.24651336669922
37.26362609863281
37.26362609863281
37.280738830566406
37.27218246459961
37.3064079284668
37.23795700073242
37.2892951965332
37.2892951965332
37.2978515625
37.3064079284668
37.2978515625
37.2978515625
37.314964294433594
37.2978515625
37.2978515625
37.2978515625
37.340633392333984
37.340633392333984
37.34918975830078
37.340633392333984
37.340633392333984
37.340633392333984
37.340633392333984
37.36630630493164
37.35774612426758
37.409088134765625
37.37486267089844
37.39197540283203
37.42620086669922
37.41764450073242
37.41764450073242
37.434757232666016
37.44331359863281
37.45186996459961
37.460426330566406
37.45186996459961
37.44331359863281
37.434757232666016
37.4775390625
37.4860954284668
37.50320816040039
37.494651794433594
37.51176452636719
37.520320892333984
37.520320892333984
37.53743362426758
37.52887725830078
37.520320892333984
37.52887725830078
37.55454635620117
37.55454635620117
37.55454635620117
37.53743362426758
37.55454635620117
37.56310272216797
37.55454635620117
37.571659088134766
37.56310272216797
37.58021545410156
37.571659088134766
37.59733200073242
37.58021545410156
37.58021545410156
37.58021545410156
37.59733200073242
37.59733200073242
37.59733200073242
37.60588836669922
37.614444732666016
37.614444732666016
37.60588836669922
37.62300109863281
37.640113830566406
37.640113830566406
37.6486701965332
37.674339294433594
37.6572265625
37.6657829284668
37.6657829284668
37.674339294433594
37.69145202636719
37.674339294433594
37.674339294433594
37.674339294433594
37.69145202636719
37.674339294433594
37.674339294433594
37.725677490234375
37.70856475830078
37.70856475830078
37.700008392333984
37.70856475830078
37.725677490234375
37.70856475830078
37.71712112426758
37.725677490234375
37.725677490234375
37.70856475830078
37.70856475830078
37.71712112426758
37.73423385620117
37.725677490234375
37.73423385620117
37.76845932006836
37.75990295410156
37.76845932006836
37.79412841796875
37.777015686035156
37.75990295410156
37.751346588134766
37.777015686035156
37.777015686035156
37.80268859863281
37.79412841796875
37.78557205200195
37.78557205200195
37.78557205200195
37.79412841796875
37.80268859863281
37.8283576965332
37.81124496459961
37.80268859863281
37.80268859863281
37.80268859863281
37.819801330566406
37.819801330566406
37.8454704284668
37.8369140625
37.8369140625
37.8369140625
37.854026794433594
37.854026794433594
37.86258316040039
37.86258316040039
37.87113952636719
37.87113952636719
37.854026794433594
37.87113952636719
37.87113952636719
37.88825225830078
37.879695892333984
37.89680862426758
37.905364990234375
37.879695892333984
37.905364990234375
37.87113952636719
37.86258316040039
37.87113952636719
37.88825225830078
37.88825225830078
37.879695892333984
37.879695892333984
37.89680862426758
37.905364990234375
37.89680862426758
37.88825225830078
37.88825225830078
37.88825225830078
37.88825225830078
37.91392135620117
37.91392135620117
37.91392135620117
37.905364990234375
37.89680862426758
37.89680862426758
37.88825225830078
37.88825225830078
37.88825225830078
37.88825225830078
37.88825225830078
37.879695892333984
37.88825225830078
37.88825225830078
37.88825225830078
37.88825225830078
37.89680862426758
37.905364990234375
37.89680862426758
37.89680862426758
37.88825225830078
37.92247772216797
37.905364990234375
37.91392135620117
37.91392135620117
37.905364990234375
37.91392135620117
37.89680862426758
37.905364990234375
37.92247772216797
37.92247772216797
37.91392135620117
37.91392135620117
37.91392135620117
37.91392135620117
37.91392135620117
37.92247772216797
37.92247772216797
37.931034088134766
37.92247772216797
37.92247772216797
37.92247772216797
37.91392135620117
37.91392135620117
37.91392135620117
37.91392135620117
37.91392135620117
37.91392135620117
37.905364990234375
37.905364990234375
37.905364990234375
37.905364990234375
37.905364990234375
37.89680862426758
37.89680862426758
37.905364990234375
37.91392135620117
37.91392135620117
37.91392135620117
37.905364990234375
37.91392135620117
37.91392135620117
37.92247772216797
37.931034088134766
37.92247772216797
37.92247772216797
37.931034088134766
37.931034088134766
37.931034088134766
37.931034088134766
37.91392135620117
37.89680862426758
37.89680862426758
37.905364990234375
37.91392135620117
37.905364990234375
37.905364990234375
37.905364990234375
37.91392135620117
37.91392135620117
37.91392135620117
37.91392135620117
37.91392135620117
37.91392135620117
37.92247772216797
37.91392135620117
