8.819999694824219
23.43000030517578
26.8700008392334
30.049999237060547
48.849998474121094
58.5
67.7300033569336
70.05999755859375
71.55000305175781
76.66000366210938
77.73999786376953
79.16000366210938
80.25
79.31999969482422
80.6500015258789
82.05999755859375
83.12000274658203
81.58999633789062
83.47000122070312
83.11000061035156
83.52999877929688
83.36000061035156
85.37999725341797
84.83000183105469
85.62999725341797
85.02999877929688
84.98999786376953
86.19999694824219
85.7300033569336
86.16000366210938
86.08999633789062
86.43000030517578
84.79000091552734
85.94999694824219
86.52999877929688
86.2699966430664
86.72000122070312
86.05999755859375
86.87000274658203
86.54000091552734
86.63999938964844
87.01000213623047
87.2300033569336
87.30999755859375
85.97000122070312
87.29000091552734
86.88999938964844
87.05000305175781
87.6500015258789
86.7300033569336
87.4800033569336
87.43000030517578
87.70999908447266
87.79000091552734
87.70999908447266
86.87000274658203
87.0999984741211
86.66000366210938
87.22000122070312
87.62000274658203
87.55000305175781
87.73999786376953
87.61000061035156
87.61000061035156
88.01000213623047
86.8499984741211
87.68000030517578
88.58999633789062
87.3499984741211
87.16999816894531
87.77999877929688
88.18000030517578
88.12999725341797
87.87000274658203
87.95999908447266
87.47000122070312
87.91999816894531
88.68000030517578
87.18000030517578
87.88999938964844
88.06999969482422
87.80999755859375
88.33000183105469
87.41000366210938
88.25
87.30999755859375
88.55999755859375
87.7300033569336
88.36000061035156
87.7300033569336
88.37999725341797
87.51000213623047
88.30999755859375
87.48999786376953
88.44000244140625
87.73999786376953
88.12000274658203
87.54000091552734
88.16999816894531
88.58999633789062
88.33000183105469
87.88999938964844
88.11000061035156
88.22000122070312
88.06999969482422
88.2300033569336
88.31999969482422
88.55000305175781
88.47000122070312
88.44000244140625
88.2300033569336
88.45999908447266
88.08000183105469
88.72000122070312
87.1500015258789
88.16000366210938
87.94999694824219
88.38999938964844
88.05999755859375
88.20999908447266
88.08999633789062
87.69999694824219
88.43000030517578
87.63999938964844
88.38999938964844
87.68000030517578
88.81999969482422
87.52999877929688
88.61000061035156
87.75
88.7300033569336
88.01000213623047
88.75
88.54000091552734
88.5999984741211
88.98999786376953
88.72000122070312
88.44000244140625
89.0199966430664
88.29000091552734
88.9000015258789
88.70999908447266
88.87000274658203
88.69000244140625
88.83999633789062
88.77999877929688
88.4000015258789
88.6500015258789
88.97000122070312
89.06999969482422
88.66999816894531
88.86000061035156
88.80999755859375
88.72000122070312
88.4800033569336
88.80000305175781
88.79000091552734
88.61000061035156
88.83999633789062
88.87000274658203
88.66000366210938
88.62000274658203
88.94999694824219
88.91000366210938
88.8499984741211
88.7300033569336
88.91999816894531
88.93000030517578
88.97000122070312
88.5
88.87999725341797
88.80000305175781
88.7300033569336
88.75
88.9000015258789
88.87000274658203
88.79000091552734
88.68000030517578
88.70999908447266
88.63999938964844
88.87999725341797
88.80999755859375
88.80999755859375
88.83999633789062
88.94000244140625
88.94999694824219
88.83000183105469
88.91999816894531
88.86000061035156
88.83999633789062
88.86000061035156
88.87999725341797
88.9000015258789
88.9800033569336
88.88999938964844
88.95999908447266
89.0199966430664
88.91999816894531
88.97000122070312
88.83000183105469
