10.0
10.760000228881836
14.489999771118164
39.310001373291016
38.900001525878906
37.90999984741211
37.2599983215332
43.47999954223633
50.16999816894531
53.04999923706055
51.459999084472656
59.400001525878906
58.56999969482422
56.45000076293945
60.119998931884766
61.79999923706055
60.65999984741211
62.119998931884766
64.31999969482422
63.650001525878906
65.1500015258789
63.540000915527344
66.06999969482422
65.91000366210938
67.41000366210938
66.75
67.16000366210938
66.58999633789062
66.02999877929688
66.33999633789062
67.16999816894531
67.16000366210938
67.16000366210938
68.05999755859375
67.43000030517578
66.41000366210938
66.69999694824219
68.33000183105469
69.0
68.47000122070312
66.87000274658203
69.0199966430664
66.31999969482422
68.6500015258789
66.9800033569336
66.86000061035156
67.33999633789062
66.7300033569336
68.5199966430664
67.69999694824219
68.16999816894531
68.77999877929688
68.13999938964844
67.83999633789062
67.37000274658203
69.05000305175781
68.73999786376953
69.23999786376953
69.05000305175781
69.70999908447266
69.41999816894531
69.94999694824219
69.47000122070312
69.45999908447266
69.16999816894531
68.98999786376953
69.88999938964844
69.87999725341797
69.91000366210938
69.37999725341797
70.31999969482422
69.69999694824219
69.33000183105469
70.0
69.55999755859375
70.05000305175781
69.5
70.47000122070312
70.2699966430664
70.41999816894531
69.9000015258789
69.91999816894531
69.0999984741211
69.55999755859375
70.12999725341797
70.66999816894531
70.31999969482422
70.44999694824219
70.3499984741211
70.37999725341797
70.37000274658203
70.68000030517578
69.47000122070312
69.41000366210938
69.52999877929688
69.0999984741211
68.41999816894531
68.70999908447266
68.37999725341797
69.12999725341797
68.69000244140625
69.05999755859375
68.48999786376953
69.33000183105469
69.43000030517578
70.06999969482422
68.63999938964844
69.7300033569336
68.80999755859375
68.25
68.33999633789062
69.11000061035156
68.7699966430664
68.33000183105469
67.94000244140625
68.55999755859375
69.58999633789062
69.05000305175781
68.0999984741211
68.48999786376953
67.7300033569336
67.8499984741211
68.30000305175781
67.91000366210938
68.06999969482422
68.1500015258789
68.0999984741211
67.77999877929688
68.26000213623047
67.98999786376953
67.4800033569336
67.68000030517578
68.26000213623047
67.93000030517578
68.12000274658203
68.16000366210938
67.30999755859375
68.30000305175781
67.79000091552734
68.0199966430664
67.7300033569336
67.7699966430664
67.87999725341797
67.62999725341797
66.94999694824219
67.05000305175781
67.16999816894531
66.98999786376953
67.98999786376953
67.18000030517578
67.41000366210938
67.44000244140625
67.22000122070312
67.43000030517578
67.48999786376953
67.41999816894531
67.41999816894531
67.12000274658203
67.23999786376953
67.19999694824219
67.37000274658203
67.11000061035156
67.5999984741211
67.91999816894531
67.41000366210938
67.2699966430664
67.29000091552734
67.70999908447266
67.37000274658203
67.48999786376953
67.77999877929688
67.61000061035156
67.25
67.66999816894531
67.63999938964844
67.72000122070312
67.18000030517578
66.91999816894531
67.37999725341797
67.2300033569336
67.08999633789062
66.94000244140625
67.22000122070312
67.37000274658203
67.5199966430664
67.55000305175781
67.0
67.05000305175781
66.91999816894531
67.19000244140625
67.27999877929688
67.4000015258789
67.33000183105469
67.55999755859375
67.54000091552734
67.47000122070312
67.36000061035156
67.38999938964844
67.52999877929688
67.52999877929688
