5.2537007331848145
5.279370307922363
5.441944122314453
5.835543632507324
7.384273052215576
10.438949584960938
8.402498245239258
7.4869513511657715
6.990673542022705
6.862325668334961
7.375716686248779
8.103020668029785
8.992897987365723
8.180028915405273
8.933002471923828
8.950115203857422
8.804655075073242
8.659193992614746
9.16402816772461
10.122358322143555
10.644305229187012
10.969452857971191
11.311714172363281
11.790878295898438
12.988790512084961
13.322495460510254
12.030461311340332
12.971677780151367
13.117138862609863
14.066911697387695
14.623085021972656
14.135364532470703
14.49473762512207
15.033798217773438
15.82099723815918
17.18148422241211
17.275606155395508
17.985795974731445
17.771883010864258
17.823223114013672
17.036022186279297
16.573970794677734
17.78899574279785
18.73876953125
18.302387237548828
19.808334350585938
19.20937728881836
19.260717391967773
19.731325149536133
20.047916412353516
19.397621154785156
20.41584587097168
19.68854331970215
20.912124633789062
21.134593963623047
21.8875675201416
21.733551025390625
22.144262313842773
22.289724349975586
22.315393447875977
22.238384246826172
22.503637313842773
22.948575973510742
22.649097442626953
23.205270767211914
23.205270767211914
23.2480525970459
23.787113189697266
23.641653060913086
24.026697158813477
23.6929931640625
23.992469787597656
23.949687957763672
24.27483558654785
24.805339813232422
24.65987777709961
24.993581771850586
24.63420867919922
24.386070251464844
24.57431411743164
24.728330612182617
25.241722106933594
25.156156539916992
25.832120895385742
26.10593032836914
25.84067726135254
25.857789993286133
25.909130096435547
26.157268524169922
26.27705955505371
26.439634323120117
25.934799194335938
26.747669219970703
26.43107795715332
26.893129348754883
26.850345611572266
27.04714584350586
27.149824142456055
26.995807647705078
27.115598678588867
27.34662437438965
27.688884735107422
27.63754653930664
27.560537338256836
27.397964477539062
27.389406204223633
27.52631187438965
27.73166847229004
27.69744110107422
27.868572235107422
28.039701461791992
27.868572235107422
28.0140323638916
28.091041564941406
28.2022762298584
28.45897102355957
28.16805076599121
28.22794532775879
28.262170791625977
28.279285430908203
28.176607131958008
28.527423858642578
28.51886749267578
28.49319839477539
28.37340545654297
28.399076461791992
28.45897102355957
28.467527389526367
28.424745559692383
28.45897102355957
28.66432762145996
28.886796951293945
28.955249786376953
28.955249786376953
29.100709915161133
29.22905731201172
29.092153549194336
28.921022415161133
28.980918884277344
29.066484451293945
28.980918884277344
29.040815353393555
29.092153549194336
29.211944580078125
29.254728317260742
29.331735610961914
29.271841049194336
29.348848342895508
29.331735610961914
29.280397415161133
29.417301177978516
29.28895378112793
29.383075714111328
29.425857543945312
29.477197647094727
29.417301177978516
29.537092208862305
29.648326873779297
29.768117904663086
29.58843231201172
29.5456485748291
29.673995971679688
29.562761306762695
29.648326873779297
29.5542049407959
29.631214141845703
29.61410140991211
29.648326873779297
29.622657775878906
29.656883239746094
29.7338924407959
29.853683471679688
29.8194580078125
29.853683471679688
29.828014373779297
29.84512710571289
29.896465301513672
29.947805404663086
29.999143600463867
29.956361770629883
29.99058723449707
30.007699966430664
30.08470916748047
30.076152801513672
30.076152801513672
30.016258239746094
30.05048370361328
30.093265533447266
30.02481460571289
29.956361770629883
30.05048370361328
30.11037826538086
30.14460563659668
30.14460563659668
30.22161293029785
30.187387466430664
30.093265533447266
30.059040069580078
30.101821899414062
30.076152801513672
30.05048370361328
30.101821899414062
30.08470916748047
30.11037826538086
30.093265533447266
30.093265533447266
30.101821899414062
30.05048370361328
30.067596435546875
30.17027473449707
30.11037826538086
30.08470916748047
30.041927337646484
30.093265533447266
30.093265533447266
30.041927337646484
30.08470916748047
30.076152801513672
30.093265533447266
30.11037826538086
30.118934631347656
30.187387466430664
30.19594383239746
30.153162002563477
30.178831100463867
30.17027473449707
30.187387466430664
30.247283935546875
30.204500198364258
30.22161293029785
30.17027473449707
30.23017120361328
30.19594383239746
30.161718368530273
30.17027473449707
30.178831100463867
30.178831100463867
30.17027473449707
30.19594383239746
30.19594383239746
30.187387466430664
30.213056564331055
30.213056564331055
30.255840301513672
30.255840301513672
30.29006576538086
30.272953033447266
30.341405868530273
30.341405868530273
30.31573486328125
30.367074966430664
30.324291229248047
30.358518600463867
30.40985679626465
30.367074966430664
30.384187698364258
30.418413162231445
30.418413162231445
30.426969528198242
30.43552589416504
30.452640533447266
30.418413162231445
30.46975326538086
30.426969528198242
30.40985679626465
30.452640533447266
30.418413162231445
30.40130043029785
30.392744064331055
30.392744064331055
30.40985679626465
30.40985679626465
30.418413162231445
30.418413162231445
30.43552589416504
30.43552589416504
30.43552589416504
30.418413162231445
30.452640533447266
30.461196899414062
30.444082260131836
30.43552589416504
30.452640533447266
30.444082260131836
30.46975326538086
30.43552589416504
30.452640533447266
30.452640533447266
30.40130043029785
30.418413162231445
30.418413162231445
30.426969528198242
30.40985679626465
30.40130043029785
30.40130043029785
30.40130043029785
30.34996223449707
30.358518600463867
30.367074966430664
30.37563133239746
30.392744064331055
30.37563133239746
30.37563133239746
30.358518600463867
30.358518600463867
30.341405868530273
30.34996223449707
30.367074966430664
30.34996223449707
30.358518600463867
30.332847595214844
30.34996223449707
30.332847595214844
30.324291229248047
30.332847595214844
30.332847595214844
30.31573486328125
30.307178497314453
30.31573486328125
30.332847595214844
30.31573486328125
30.29006576538086
30.307178497314453
30.307178497314453
30.272953033447266
30.255840301513672
30.272953033447266
30.247283935546875
30.255840301513672
30.23017120361328
30.213056564331055
30.19594383239746
30.187387466430664
30.187387466430664
30.187387466430664
30.204500198364258
30.187387466430664
30.17027473449707
30.178831100463867
30.17027473449707
30.161718368530273
30.136049270629883
30.118934631347656
30.136049270629883
30.153162002563477
30.14460563659668
30.136049270629883
30.17027473449707
30.153162002563477
30.127492904663086
30.127492904663086
30.118934631347656
30.118934631347656
30.118934631347656
30.118934631347656
30.101821899414062
30.067596435546875
30.05048370361328
30.059040069580078
30.05048370361328
30.041927337646484
30.041927337646484
30.016258239746094
30.02481460571289
30.016258239746094
30.02481460571289
30.007699966430664
29.999143600463867
29.999143600463867
29.999143600463867
29.982030868530273
29.982030868530273
29.982030868530273
29.973474502563477
29.956361770629883
29.930692672729492
29.9050235748291
29.9135799407959
29.887908935546875
29.896465301513672
29.896465301513672
29.862239837646484
29.84512710571289
29.836570739746094
29.853683471679688
29.853683471679688
29.836570739746094
29.836570739746094
29.828014373779297
29.828014373779297
29.810901641845703
29.802345275878906
29.810901641845703
29.810901641845703
29.79378890991211
29.802345275878906
29.79378890991211
29.79378890991211
29.79378890991211
29.78523063659668
29.75956153869629
29.75956153869629
29.75956153869629
29.768117904663086
29.776674270629883
29.768117904663086
29.751005172729492
29.742448806762695
29.751005172729492
29.7253360748291
29.7253360748291
29.69966697692871
29.716779708862305
29.7253360748291
29.7253360748291
29.691110610961914
29.673995971679688
29.673995971679688
29.673995971679688
29.6397705078125
29.656883239746094
29.648326873779297
29.631214141845703
29.631214141845703
29.61410140991211
29.61410140991211
29.622657775878906
29.605545043945312
29.58843231201172
29.58843231201172
29.571317672729492
29.571317672729492
29.579875946044922
29.562761306762695
29.5456485748291
29.537092208862305
29.51997947692871
29.511423110961914
29.511423110961914
29.49431037902832
29.477197647094727
29.442970275878906
29.43441390991211
29.425857543945312
29.391632080078125
29.365962982177734
29.357406616210938
29.357406616210938
29.348848342895508
29.348848342895508
29.331735610961914
29.323179244995117
29.306066513061523
29.28895378112793
29.280397415161133
29.271841049194336
29.254728317260742
29.203388214111328
29.203388214111328
29.19483184814453
29.186275482177734
29.16916275024414
29.152050018310547
29.117822647094727
29.10926628112793
29.100709915161133
29.075040817260742
29.066484451293945
29.04937171936035
29.040815353393555
29.023700714111328
29.006587982177734
29.01514434814453
29.006587982177734
28.998031616210938
29.006587982177734
29.023700714111328
29.01514434814453
29.006587982177734
28.98947525024414
28.955249786376953
28.955249786376953
28.96380615234375
28.946693420410156
28.929580688476562
28.90390968322754
28.895353317260742
28.852571487426758
28.852571487426758
28.835458755493164
28.835458755493164
28.84401512145996
28.826902389526367
28.826902389526367
28.826902389526367
28.81834602355957
28.81834602355957
28.826902389526367
28.81834602355957
28.801231384277344
