9.40999984741211
10.0
10.0
12.029999732971191
10.640000343322754
12.979999542236328
15.630000114440918
14.779999732971191
17.260000228881836
16.290000915527344
12.050000190734863
17.149999618530273
17.700000762939453
17.850000381469727
21.6299991607666
21.799999237060547
22.15999984741211
19.209999084472656
22.0
21.68000030517578
23.31999969482422
22.06999969482422
23.559999465942383
19.65999984741211
24.809999465942383
21.43000030517578
26.139999389648438
25.56999969482422
21.219999313354492
23.709999084472656
21.280000686645508
25.510000228881836
28.3700008392334
27.979999542236328
27.5
24.709999084472656
29.93000030517578
28.559999465942383
19.600000381469727
29.93000030517578
29.760000228881836
23.889999389648438
25.18000030517578
29.959999084472656
23.770000457763672
27.809999465942383
25.760000228881836
31.299999237060547
28.559999465942383
27.09000015258789
28.670000076293945
31.34000015258789
32.630001068115234
28.489999771118164
28.139999389648438
29.309999465942383
30.530000686645508
27.110000610351562
27.510000228881836
26.15999984741211
24.649999618530273
25.56999969482422
31.81999969482422
29.6200008392334
27.010000228881836
31.940000534057617
32.70000076293945
33.9900016784668
34.040000915527344
33.08000183105469
31.469999313354492
33.16999816894531
32.209999084472656
31.479999542236328
32.650001525878906
24.239999771118164
32.849998474121094
34.209999084472656
33.54999923706055
32.310001373291016
36.47999954223633
35.720001220703125
29.670000076293945
32.61000061035156
28.799999237060547
34.40999984741211
36.709999084472656
36.08000183105469
30.65999984741211
33.689998626708984
31.170000076293945
31.899999618530273
36.75
33.33000183105469
34.689998626708984
38.18000030517578
36.93000030517578
34.77000045776367
31.709999084472656
32.040000915527344
32.95000076293945
30.420000076293945
34.810001373291016
36.900001525878906
30.75
34.900001525878906
29.850000381469727
34.08000183105469
34.90999984741211
32.25
33.97999954223633
29.889999389648438
33.470001220703125
35.099998474121094
33.81999969482422
35.540000915527344
33.45000076293945
36.369998931884766
32.72999954223633
40.34000015258789
37.91999816894531
39.02000045776367
35.5099983215332
35.43000030517578
38.08000183105469
38.029998779296875
37.560001373291016
39.5
33.0
37.459999084472656
36.130001068115234
39.47999954223633
32.72999954223633
32.56999969482422
35.880001068115234
34.540000915527344
34.68000030517578
38.7400016784668
35.529998779296875
39.93000030517578
37.720001220703125
38.279998779296875
38.27000045776367
39.68000030517578
38.66999816894531
35.06999969482422
38.68000030517578
33.790000915527344
37.4900016784668
36.689998626708984
39.65999984741211
40.31999969482422
34.93000030517578
37.61000061035156
35.4900016784668
36.689998626708984
35.93000030517578
36.18000030517578
36.7599983215332
35.84000015258789
34.209999084472656
38.380001068115234
38.380001068115234
37.81999969482422
39.83000183105469
38.97999954223633
40.45000076293945
35.66999816894531
39.0099983215332
36.77000045776367
36.83000183105469
38.040000915527344
39.939998626708984
40.04999923706055
37.09000015258789
35.25
40.060001373291016
37.5
40.709999084472656
40.599998474121094
39.11000061035156
39.45000076293945
39.58000183105469
39.47999954223633
37.849998474121094
40.279998779296875
37.150001525878906
39.95000076293945
41.220001220703125
34.880001068115234
36.310001373291016
39.119998931884766
40.34000015258789
39.66999816894531
41.29999923706055
41.869998931884766
37.08000183105469
40.150001525878906
40.939998626708984
36.7400016784668
38.220001220703125
39.56999969482422
40.189998626708984
37.83000183105469
39.189998626708984
40.84000015258789
41.66999816894531
41.11000061035156
41.68000030517578
40.75
36.220001220703125
36.52000045776367
38.95000076293945
39.79999923706055
36.779998779296875
38.400001525878906
37.79999923706055
39.880001068115234
38.290000915527344
40.5
38.790000915527344
38.130001068115234
38.22999954223633
40.27000045776367
41.4900016784668
40.09000015258789
40.540000915527344
41.02000045776367
40.06999969482422
39.529998779296875
41.36000061035156
38.619998931884766
37.959999084472656
38.279998779296875
40.08000183105469
40.75
42.84000015258789
42.79999923706055
39.02000045776367
41.619998931884766
41.650001525878906
40.47999954223633
42.220001220703125
41.290000915527344
38.529998779296875
33.2599983215332
38.97999954223633
38.720001220703125
40.33000183105469
40.81999969482422
39.09000015258789
41.40999984741211
39.939998626708984
43.34000015258789
40.97999954223633
39.029998779296875
40.720001220703125
41.68000030517578
40.16999816894531
42.810001373291016
43.79999923706055
37.939998626708984
42.529998779296875
39.959999084472656
44.0
39.27000045776367
42.70000076293945
40.22999954223633
39.099998474121094
43.27000045776367
38.540000915527344
38.43000030517578
35.91999816894531
38.04999923706055
41.72999954223633
36.18000030517578
40.439998626708984
41.5
43.65999984741211
38.25
41.279998779296875
40.380001068115234
41.369998931884766
37.20000076293945
42.2400016784668
41.130001068115234
42.54999923706055
42.209999084472656
38.709999084472656
41.470001220703125
42.279998779296875
42.70000076293945
43.209999084472656
43.619998931884766
41.95000076293945
42.72999954223633
43.880001068115234
42.2599983215332
44.54999923706055
38.38999938964844
37.150001525878906
41.2400016784668
41.189998626708984
44.31999969482422
37.939998626708984
43.619998931884766
43.0
40.9900016784668
43.9900016784668
38.65999984741211
42.0099983215332
43.91999816894531
42.81999969482422
42.38999938964844
44.2599983215332
43.20000076293945
44.029998779296875
42.34000015258789
40.060001373291016
40.43000030517578
43.959999084472656
39.0099983215332
42.97999954223633
40.68000030517578
40.66999816894531
39.84000015258789
43.619998931884766
41.36000061035156
44.04999923706055
43.7599983215332
40.099998474121094
37.59000015258789
43.41999816894531
40.97999954223633
40.560001373291016
44.650001525878906
43.36000061035156
36.560001373291016
42.0099983215332
43.65999984741211
41.869998931884766
42.27000045776367
40.72999954223633
41.91999816894531
44.130001068115234
38.54999923706055
45.11000061035156
42.20000076293945
44.5
41.810001373291016
40.560001373291016
40.540000915527344
44.22999954223633
43.33000183105469
41.86000061035156
43.59000015258789
41.47999954223633
43.06999969482422
44.63999938964844
42.439998626708984
42.150001525878906
36.91999816894531
43.0099983215332
41.61000061035156
42.34000015258789
40.7400016784668
44.59000015258789
43.970001220703125
43.099998474121094
43.810001373291016
41.349998474121094
38.849998474121094
42.95000076293945
43.0
41.529998779296875
43.90999984741211
41.290000915527344
44.119998931884766
41.560001373291016
40.7599983215332
41.31999969482422
38.52000045776367
39.59000015258789
42.040000915527344
43.2400016784668
44.279998779296875
36.349998474121094
40.52000045776367
41.209999084472656
43.0
44.75
42.709999084472656
44.220001220703125
42.27000045776367
41.709999084472656
43.4900016784668
40.4900016784668
35.86000061035156
42.18000030517578
40.47999954223633
41.90999984741211
36.189998626708984
38.72999954223633
39.47999954223633
37.560001373291016
39.81999969482422
38.02000045776367
36.939998626708984
36.65999984741211
39.20000076293945
39.130001068115234
37.83000183105469
38.970001220703125
38.93000030517578
42.13999938964844
43.540000915527344
42.47999954223633
43.959999084472656
42.560001373291016
42.52000045776367
42.31999969482422
44.150001525878906
41.119998931884766
41.61000061035156
43.33000183105469
41.900001525878906
38.349998474121094
38.939998626708984
39.54999923706055
44.68000030517578
42.47999954223633
43.97999954223633
40.2599983215332
44.63999938964844
37.90999984741211
41.529998779296875
43.95000076293945
44.29999923706055
40.380001068115234
42.529998779296875
43.56999969482422
44.79999923706055
42.33000183105469
44.2599983215332
42.459999084472656
40.189998626708984
38.349998474121094
41.630001068115234
38.22999954223633
39.66999816894531
37.16999816894531
37.369998931884766
34.380001068115234
42.06999969482422
38.400001525878906
35.72999954223633
35.959999084472656
35.31999969482422
38.869998931884766
36.209999084472656
29.030000686645508
31.43000030517578
36.93000030517578
33.099998474121094
34.08000183105469
35.79999923706055
36.25
34.45000076293945
37.209999084472656
32.77000045776367
33.88999938964844
37.5099983215332
38.40999984741211
38.220001220703125
35.400001525878906
35.91999816894531
36.9900016784668
36.63999938964844
34.779998779296875
34.779998779296875
37.0099983215332
37.77000045776367
35.86000061035156
30.219999313354492
38.119998931884766
31.510000228881836
37.7599983215332
35.04999923706055
40.65999984741211
32.459999084472656
40.27000045776367
31.1200008392334
33.4900016784668
31.3799991607666
35.380001068115234
36.90999984741211
40.4900016784668
39.79999923706055
40.38999938964844
35.880001068115234
