12.430000305175781
13.170000076293945
14.229999542236328
14.59000015258789
17.8700008392334
10.239999771118164
14.140000343322754
24.15999984741211
11.880000114440918
16.170000076293945
12.130000114440918
15.149999618530273
28.530000686645508
35.72999954223633
14.539999961853027
21.639999389648438
22.809999465942383
34.5
17.360000610351562
26.700000762939453
21.6200008392334
21.3700008392334
33.58000183105469
39.45000076293945
26.75
40.720001220703125
32.84000015258789
40.84000015258789
30.56999969482422
41.029998779296875
35.75
43.959999084472656
29.770000457763672
37.75
42.0099983215332
36.61000061035156
45.939998626708984
40.689998626708984
44.5099983215332
43.380001068115234
44.56999969482422
37.34000015258789
40.97999954223633
45.599998474121094
45.689998626708984
45.15999984741211
45.060001373291016
41.779998779296875
44.86000061035156
44.029998779296875
46.34000015258789
44.04999923706055
46.0099983215332
45.369998931884766
45.95000076293945
46.349998474121094
44.40999984741211
45.279998779296875
46.130001068115234
47.880001068115234
43.93000030517578
45.619998931884766
45.0099983215332
45.459999084472656
46.84000015258789
45.79999923706055
45.4900016784668
46.08000183105469
47.36000061035156
46.939998626708984
46.2599983215332
44.40999984741211
43.58000183105469
46.70000076293945
44.83000183105469
43.81999969482422
45.61000061035156
45.13999938964844
43.79999923706055
46.720001220703125
46.0099983215332
46.060001373291016
44.220001220703125
45.439998626708984
45.0099983215332
45.650001525878906
45.77000045776367
45.380001068115234
44.65999984741211
45.31999969482422
44.540000915527344
45.439998626708984
45.43000030517578
46.310001373291016
45.75
46.31999969482422
47.400001525878906
45.91999816894531
46.209999084472656
45.58000183105469
44.959999084472656
44.720001220703125
44.83000183105469
45.18000030517578
45.119998931884766
45.56999969482422
46.029998779296875
45.61000061035156
45.369998931884766
45.45000076293945
45.150001525878906
45.86000061035156
45.93000030517578
46.560001373291016
46.58000183105469
46.58000183105469
46.25
46.81999969482422
46.459999084472656
46.689998626708984
46.70000076293945
46.83000183105469
46.5099983215332
46.439998626708984
46.290000915527344
45.77000045776367
45.9900016784668
45.970001220703125
45.68000030517578
45.75
45.83000183105469
45.70000076293945
45.95000076293945
45.91999816894531
46.099998474121094
45.91999816894531
45.86000061035156
45.959999084472656
45.77000045776367
45.97999954223633
45.90999984741211
45.849998474121094
45.97999954223633
46.220001220703125
45.91999816894531
46.0099983215332
46.0
45.9900016784668
45.90999984741211
45.689998626708984
45.68000030517578
45.540000915527344
45.5099983215332
45.45000076293945
45.599998474121094
45.56999969482422
45.4900016784668
45.70000076293945
45.77000045776367
45.75
45.900001525878906
45.91999816894531
45.9900016784668
46.029998779296875
46.06999969482422
46.04999923706055
46.0
45.90999984741211
45.93000030517578
45.95000076293945
45.95000076293945
45.93000030517578
45.83000183105469
45.95000076293945
45.88999938964844
45.91999816894531
45.900001525878906
45.90999984741211
45.810001373291016
45.810001373291016
45.79999923706055
45.779998779296875
45.79999923706055
45.75
45.70000076293945
45.779998779296875
45.81999969482422
45.81999969482422
45.81999969482422
45.790000915527344
45.779998779296875
45.849998474121094
45.86000061035156
45.84000015258789
45.79999923706055
45.790000915527344
45.77000045776367
45.779998779296875
45.84000015258789
45.810001373291016
