14.0600004196167
10.5600004196167
14.319999694824219
18.670000076293945
30.020000457763672
26.31999969482422
19.1299991607666
23.399999618530273
22.020000457763672
31.850000381469727
35.7400016784668
35.79999923706055
41.79999923706055
43.56999969482422
33.060001373291016
38.54999923706055
32.90999984741211
51.43000030517578
47.61000061035156
47.59000015258789
39.54999923706055
50.15999984741211
51.970001220703125
53.720001220703125
47.369998931884766
53.310001373291016
51.880001068115234
50.380001068115234
41.84000015258789
57.88999938964844
66.30000305175781
49.47999954223633
46.09000015258789
56.90999984741211
54.709999084472656
54.83000183105469
55.97999954223633
58.540000915527344
48.060001373291016
64.1500015258789
63.65999984741211
60.38999938964844
62.470001220703125
66.20999908447266
65.87000274658203
65.38999938964844
58.0099983215332
62.970001220703125
64.62999725341797
55.7400016784668
64.44000244140625
63.9900016784668
62.650001525878906
65.56999969482422
68.26000213623047
67.86000061035156
61.2400016784668
58.130001068115234
60.9900016784668
65.13999938964844
65.73999786376953
69.29000091552734
64.68000030517578
66.86000061035156
65.27999877929688
63.63999938964844
66.55999755859375
63.72999954223633
67.08000183105469
68.69999694824219
69.93000030517578
60.77000045776367
65.0199966430664
67.94000244140625
64.75
66.62999725341797
67.58000183105469
68.93000030517578
66.1500015258789
65.72000122070312
65.06999969482422
66.8499984741211
68.95999908447266
69.27999877929688
67.69000244140625
67.44000244140625
68.97000122070312
65.5
67.36000061035156
67.56999969482422
70.12000274658203
69.55999755859375
69.86000061035156
70.61000061035156
69.56999969482422
69.06999969482422
70.30999755859375
69.0199966430664
68.94000244140625
68.6500015258789
69.56999969482422
71.13999938964844
69.05000305175781
69.33999633789062
69.62999725341797
70.1500015258789
67.73999786376953
67.48999786376953
69.6500015258789
67.5
67.98999786376953
68.11000061035156
69.91000366210938
69.80000305175781
67.8499984741211
66.63999938964844
67.91000366210938
69.2300033569336
69.05000305175781
68.75
68.63999938964844
68.68000030517578
67.93000030517578
67.9000015258789
68.56999969482422
68.45999908447266
67.2699966430664
65.55999755859375
67.76000213623047
68.93000030517578
68.9800033569336
67.44999694824219
66.45999908447266
67.04000091552734
68.37999725341797
68.11000061035156
68.05000305175781
67.05999755859375
67.9000015258789
69.18000030517578
66.81999969482422
67.73999786376953
66.87999725341797
66.68000030517578
66.48999786376953
66.58000183105469
68.76000213623047
70.05999755859375
69.01000213623047
68.47000122070312
67.16999816894531
66.81999969482422
68.2300033569336
65.76000213623047
67.33000183105469
66.31999969482422
67.22000122070312
68.66999816894531
66.83999633789062
67.79000091552734
64.95999908447266
66.11000061035156
69.22000122070312
68.2300033569336
68.0999984741211
67.77999877929688
67.5199966430664
69.3499984741211
69.05000305175781
68.22000122070312
67.7699966430664
66.0199966430664
67.87999725341797
68.2699966430664
68.16999816894531
69.0999984741211
68.86000061035156
67.62999725341797
68.9000015258789
68.54000091552734
68.37999725341797
68.12999725341797
67.48999786376953
68.51000213623047
69.62000274658203
69.2699966430664
68.91999816894531
68.62000274658203
68.06999969482422
67.7300033569336
68.87999725341797
68.52999877929688
68.41000366210938
68.52999877929688
68.12999725341797
68.95999908447266
69.08999633789062
68.98999786376953
68.7699966430664
68.63999938964844
