9.739999771118164
9.739999771118164
14.630000114440918
13.430000305175781
9.949999809265137
32.02000045776367
32.79999923706055
44.529998779296875
29.549999237060547
38.59000015258789
50.38999938964844
49.33000183105469
57.869998931884766
53.189998626708984
61.310001373291016
64.0999984741211
68.11000061035156
63.63999938964844
61.7599983215332
69.8499984741211
69.87000274658203
71.94000244140625
66.93000030517578
69.47000122070312
71.13999938964844
72.72000122070312
66.87000274658203
77.7300033569336
75.51000213623047
68.63999938964844
74.70999908447266
74.08000183105469
75.70999908447266
78.2300033569336
77.80999755859375
78.19000244140625
79.30000305175781
78.63999938964844
77.9800033569336
77.80000305175781
78.76000213623047
79.25
69.93000030517578
79.79000091552734
76.83000183105469
81.29000091552734
78.04000091552734
83.97000122070312
82.45999908447266
79.98999786376953
80.80999755859375
83.0999984741211
81.08999633789062
81.1500015258789
81.94000244140625
81.31999969482422
81.16000366210938
82.79000091552734
84.33999633789062
82.48999786376953
82.30000305175781
85.0199966430664
81.27999877929688
84.69999694824219
81.94000244140625
81.54000091552734
82.94999694824219
82.55999755859375
84.94999694824219
84.81999969482422
84.7699966430664
85.69000244140625
85.04000091552734
84.62999725341797
83.29000091552734
85.81999969482422
85.8499984741211
85.94000244140625
85.01000213623047
86.4000015258789
85.62999725341797
86.0
83.9800033569336
86.30999755859375
85.77999877929688
86.37999725341797
86.26000213623047
85.80999755859375
85.93000030517578
86.5
86.0999984741211
85.41999816894531
86.48999786376953
86.04000091552734
86.31999969482422
85.2300033569336
85.91000366210938
85.87999725341797
86.27999877929688
86.5999984741211
86.63999938964844
86.61000061035156
86.7300033569336
86.75
86.69000244140625
86.79000091552734
86.87000274658203
86.72000122070312
86.75
86.5999984741211
86.93000030517578
86.44000244140625
86.62999725341797
86.86000061035156
86.81999969482422
86.95999908447266
86.87999725341797
86.91999816894531
86.69000244140625
86.30999755859375
86.83000183105469
86.6500015258789
86.83000183105469
86.3499984741211
86.37000274658203
86.68000030517578
86.68000030517578
86.95999908447266
86.77999877929688
86.62000274658203
86.45999908447266
86.1500015258789
86.6500015258789
86.88999938964844
86.7699966430664
86.51000213623047
86.12000274658203
86.83999633789062
86.9000015258789
86.9000015258789
86.41000366210938
86.05999755859375
86.08999633789062
86.69000244140625
86.9800033569336
86.83000183105469
86.43000030517578
86.16999816894531
86.72000122070312
86.81999969482422
86.8499984741211
86.5199966430664
86.27999877929688
86.5
86.83999633789062
86.8499984741211
86.58000183105469
85.88999938964844
86.0
86.69999694824219
86.52999877929688
86.51000213623047
86.05000305175781
86.33999633789062
86.5999984741211
86.58000183105469
86.2699966430664
86.04000091552734
86.25
86.37000274658203
86.86000061035156
86.70999908447266
86.36000061035156
86.06999969482422
86.3499984741211
86.6500015258789
86.83000183105469
86.66999816894531
86.38999938964844
86.38999938964844
86.41999816894531
86.68000030517578
86.7699966430664
86.45999908447266
86.37000274658203
86.54000091552734
86.56999969482422
86.56999969482422
86.38999938964844
86.63999938964844
86.56999969482422
86.58000183105469
86.58000183105469
86.63999938964844
86.63999938964844
86.51000213623047
86.51000213623047
86.37999725341797
86.2699966430664
86.30999755859375
