10.0
10.0
10.0
10.0
10.020000457763672
10.039999961853027
10.069999694824219
10.220000267028809
10.710000038146973
11.680000305175781
13.5600004196167
16.729999542236328
20.0
23.260000228881836
27.15999984741211
30.209999084472656
32.220001220703125
33.5
34.529998779296875
35.0099983215332
35.40999984741211
36.220001220703125
36.9900016784668
37.59000015258789
38.47999954223633
39.59000015258789
40.66999816894531
41.810001373291016
43.16999816894531
44.209999084472656
45.0
45.72999954223633
46.290000915527344
46.790000915527344
47.209999084472656
47.650001525878906
47.939998626708984
48.310001373291016
48.81999969482422
49.279998779296875
49.93000030517578
51.130001068115234
51.81999969482422
52.900001525878906
53.79999923706055
54.34000015258789
55.0099983215332
55.790000915527344
56.380001068115234
56.849998474121094
57.2400016784668
57.630001068115234
57.88999938964844
58.16999816894531
58.310001373291016
58.38999938964844
58.52000045776367
58.66999816894531
58.810001373291016
59.060001373291016
59.11000061035156
59.130001068115234
59.209999084472656
59.27000045776367
59.400001525878906
59.470001220703125
59.560001373291016
59.720001220703125
59.68000030517578
59.619998931884766
59.72999954223633
59.779998779296875
59.91999816894531
59.970001220703125
60.02000045776367
59.959999084472656
59.939998626708984
59.86000061035156
59.90999984741211
59.970001220703125
60.02000045776367
60.08000183105469
60.130001068115234
60.150001525878906
60.16999816894531
60.22999954223633
60.310001373291016
60.34000015258789
60.279998779296875
60.290000915527344
60.29999923706055
60.380001068115234
60.36000061035156
60.31999969482422
60.400001525878906
60.369998931884766
60.369998931884766
60.38999938964844
60.439998626708984
60.4900016784668
60.470001220703125
60.56999969482422
60.560001373291016
60.61000061035156
60.65999984741211
60.63999938964844
60.619998931884766
60.63999938964844
60.63999938964844
60.68000030517578
60.720001220703125
60.7400016784668
60.7599983215332
60.790000915527344
60.790000915527344
60.790000915527344
60.790000915527344
60.79999923706055
60.810001373291016
60.849998474121094
60.869998931884766
60.84000015258789
60.86000061035156
60.869998931884766
60.869998931884766
60.900001525878906
60.88999938964844
60.900001525878906
60.939998626708984
60.939998626708984
60.970001220703125
60.95000076293945
60.95000076293945
60.95000076293945
60.95000076293945
60.959999084472656
60.959999084472656
60.970001220703125
60.970001220703125
61.0099983215332
60.9900016784668
61.0
61.0
61.0099983215332
61.0
61.0099983215332
61.060001373291016
61.040000915527344
61.04999923706055
61.040000915527344
61.060001373291016
61.029998779296875
61.040000915527344
61.040000915527344
61.040000915527344
61.0099983215332
61.0
61.0099983215332
61.02000045776367
61.02000045776367
61.029998779296875
61.04999923706055
61.04999923706055
61.040000915527344
61.040000915527344
61.040000915527344
61.029998779296875
61.029998779296875
61.040000915527344
61.04999923706055
61.04999923706055
61.06999969482422
61.06999969482422
61.08000183105469
61.06999969482422
61.09000015258789
61.08000183105469
61.09000015258789
61.09000015258789
61.119998931884766
61.11000061035156
61.099998474121094
61.11000061035156
61.11000061035156
61.09000015258789
61.099998474121094
61.099998474121094
61.09000015258789
61.09000015258789
61.11000061035156
61.11000061035156
61.119998931884766
61.119998931884766
61.119998931884766
61.11000061035156
61.130001068115234
61.119998931884766
61.13999938964844
61.13999938964844
61.13999938964844
