11.079999923706055
10.279999732971191
13.489999771118164
16.43000030517578
19.059999465942383
20.579999923706055
28.770000457763672
19.93000030517578
25.920000076293945
25.350000381469727
23.84000015258789
32.720001220703125
24.510000228881836
32.459999084472656
24.149999618530273
21.079999923706055
27.0
41.060001373291016
47.54999923706055
35.75
40.91999816894531
39.40999984741211
38.939998626708984
55.04999923706055
56.2599983215332
51.040000915527344
25.899999618530273
65.16000366210938
53.77000045776367
70.62999725341797
65.16000366210938
70.62999725341797
50.130001068115234
50.15999984741211
53.380001068115234
73.62000274658203
65.22000122070312
37.790000915527344
57.279998779296875
70.55999755859375
68.7699966430664
64.7699966430664
64.5199966430664
67.4000015258789
63.130001068115234
75.75
74.4000015258789
74.98999786376953
65.55999755859375
72.69000244140625
64.5199966430664
72.79000091552734
78.31999969482422
70.79000091552734
66.29000091552734
74.77999877929688
68.37999725341797
72.11000061035156
70.5
77.77999877929688
82.88999938964844
73.98999786376953
76.7699966430664
74.94999694824219
71.33999633789062
74.80999755859375
74.91000366210938
83.30999755859375
79.72000122070312
82.44999694824219
80.27999877929688
74.45999908447266
73.8499984741211
78.77999877929688
63.83000183105469
80.43000030517578
77.7699966430664
82.06999969482422
81.29000091552734
79.38999938964844
79.13999938964844
77.69000244140625
79.06999969482422
75.79000091552734
62.060001373291016
82.56999969482422
81.86000061035156
81.5199966430664
85.33999633789062
83.01000213623047
78.69000244140625
82.16999816894531
81.11000061035156
78.08000183105469
81.27999877929688
85.7300033569336
79.11000061035156
82.6500015258789
85.08000183105469
79.12999725341797
84.66000366210938
71.41000366210938
80.8499984741211
78.31999969482422
78.37999725341797
80.77999877929688
76.37000274658203
77.77999877929688
73.5999984741211
80.95999908447266
82.63999938964844
86.80000305175781
85.05000305175781
77.75
83.18000030517578
81.80999755859375
85.55999755859375
82.30000305175781
86.48999786376953
81.75
85.12000274658203
85.88999938964844
86.44000244140625
83.7699966430664
87.25
87.5199966430664
83.33000183105469
84.13999938964844
86.7699966430664
79.91000366210938
85.62999725341797
85.08000183105469
86.81999969482422
88.37999725341797
83.20999908447266
82.11000061035156
83.47000122070312
84.8499984741211
86.54000091552734
81.55000305175781
89.05000305175781
83.9000015258789
85.08999633789062
75.4800033569336
79.41999816894531
82.38999938964844
85.47000122070312
80.55999755859375
87.06999969482422
85.12000274658203
89.12000274658203
87.6500015258789
86.77999877929688
86.18000030517578
89.87999725341797
81.51000213623047
88.47000122070312
87.08999633789062
84.33999633789062
85.37000274658203
87.19000244140625
85.44000244140625
88.80000305175781
85.02999877929688
87.12999725341797
90.16999816894531
87.44000244140625
86.13999938964844
79.87999725341797
83.4800033569336
85.26000213623047
89.7300033569336
88.87000274658203
88.58000183105469
86.91999816894531
88.4000015258789
84.80999755859375
81.27999877929688
87.58000183105469
83.55000305175781
87.22000122070312
90.19999694824219
87.5
86.95999908447266
86.33999633789062
88.2300033569336
87.33000183105469
89.06999969482422
88.72000122070312
88.91000366210938
88.04000091552734
88.51000213623047
85.97000122070312
87.38999938964844
88.02999877929688
86.9800033569336
90.26000213623047
85.47000122070312
87.7300033569336
84.73999786376953
