12.680000305175781
11.829999923706055
11.989999771118164
10.0
10.0
10.0
11.670000076293945
10.0
10.0
12.069999694824219
10.0
12.34000015258789
13.430000305175781
12.710000038146973
10.029999732971191
12.380000114440918
10.270000457763672
12.319999694824219
12.470000267028809
13.010000228881836
17.790000915527344
12.680000305175781
16.440000534057617
14.010000228881836
17.84000015258789
15.029999732971191
19.6200008392334
15.199999809265137
18.510000228881836
18.549999237060547
17.5
16.670000076293945
19.260000228881836
16.420000076293945
14.449999809265137
20.31999969482422
17.31999969482422
15.039999961853027
17.1299991607666
20.56999969482422
18.18000030517578
16.530000686645508
17.399999618530273
19.579999923706055
16.290000915527344
17.940000534057617
19.709999084472656
19.75
21.229999542236328
22.700000762939453
19.59000015258789
21.479999542236328
18.219999313354492
16.600000381469727
18.360000610351562
16.09000015258789
18.5
17.260000228881836
18.420000076293945
22.280000686645508
17.59000015258789
18.600000381469727
17.209999084472656
18.649999618530273
22.440000534057617
18.959999084472656
18.889999389648438
18.68000030517578
18.84000015258789
18.8700008392334
21.350000381469727
19.829999923706055
19.40999984741211
19.1299991607666
20.329999923706055
21.100000381469727
18.6299991607666
21.049999237060547
19.719999313354492
19.59000015258789
19.780000686645508
19.549999237060547
21.010000228881836
21.510000228881836
20.860000610351562
20.420000076293945
21.690000534057617
19.719999313354492
20.690000534057617
19.940000534057617
19.700000762939453
20.459999084472656
19.920000076293945
20.1299991607666
22.229999542236328
21.969999313354492
22.239999771118164
21.270000457763672
21.790000915527344
21.860000610351562
21.75
20.649999618530273
21.969999313354492
22.290000915527344
22.59000015258789
22.34000015258789
22.059999465942383
22.059999465942383
21.190000534057617
22.299999237060547
22.200000762939453
22.280000686645508
22.59000015258789
21.3700008392334
22.360000610351562
21.549999237060547
22.899999618530273
23.139999389648438
21.389999389648438
23.079999923706055
22.850000381469727
23.350000381469727
22.84000015258789
21.81999969482422
23.18000030517578
23.059999465942383
23.18000030517578
22.010000228881836
23.40999984741211
23.360000610351562
23.450000762939453
22.790000915527344
22.450000762939453
23.770000457763672
22.309999465942383
21.90999984741211
22.989999771118164
24.1299991607666
22.469999313354492
24.139999389648438
23.709999084472656
23.43000030517578
24.06999969482422
25.110000610351562
22.739999771118164
24.329999923706055
24.110000610351562
24.299999237060547
24.350000381469727
22.889999389648438
24.3700008392334
24.350000381469727
23.010000228881836
24.670000076293945
24.75
23.959999084472656
24.969999313354492
24.90999984741211
23.40999984741211
26.770000457763672
25.790000915527344
25.790000915527344
24.59000015258789
24.389999389648438
25.469999313354492
25.670000076293945
24.049999237060547
24.139999389648438
25.959999084472656
25.729999542236328
26.059999465942383
24.899999618530273
25.459999084472656
24.350000381469727
24.709999084472656
26.139999389648438
26.100000381469727
25.059999465942383
24.670000076293945
26.030000686645508
26.040000915527344
25.229999542236328
24.639999389648438
26.040000915527344
25.010000228881836
25.799999237060547
24.639999389648438
25.81999969482422
25.40999984741211
25.309999465942383
25.579999923706055
26.200000762939453
25.239999771118164
26.450000762939453
25.59000015258789
25.059999465942383
25.790000915527344
26.239999771118164
26.190000534057617
25.920000076293945
26.059999465942383
25.81999969482422
25.459999084472656
26.049999237060547
25.84000015258789
25.889999389648438
24.850000381469727
24.959999084472656
25.639999389648438
26.170000076293945
25.93000030517578
25.940000534057617
25.969999313354492
25.700000762939453
24.979999542236328
25.8799991607666
25.850000381469727
25.860000610351562
25.3799991607666
25.25
26.020000457763672
26.309999465942383
26.200000762939453
26.1299991607666
25.799999237060547
26.110000610351562
26.110000610351562
26.170000076293945
26.149999618530273
25.84000015258789
25.899999618530273
26.100000381469727
26.020000457763672
26.010000228881836
26.030000686645508
26.190000534057617
26.299999237060547
26.34000015258789
26.219999313354492
26.329999923706055
26.350000381469727
26.219999313354492
26.149999618530273
26.219999313354492
26.239999771118164
26.25
26.18000030517578
26.209999084472656
26.1200008392334
26.209999084472656
26.1200008392334
25.950000762939453
25.950000762939453
26.260000228881836
26.149999618530273
26.219999313354492
26.229999542236328
25.780000686645508
25.729999542236328
25.90999984741211
26.1299991607666
26.299999237060547
26.31999969482422
26.290000915527344
26.149999618530273
26.34000015258789
26.3799991607666
26.239999771118164
26.299999237060547
26.239999771118164
26.209999084472656
26.1299991607666
26.170000076293945
26.15999984741211
26.1299991607666
26.100000381469727
26.170000076293945
26.18000030517578
26.190000534057617
26.110000610351562
26.149999618530273
26.239999771118164
26.350000381469727
26.31999969482422
26.149999618530273
26.149999618530273
26.1200008392334
26.15999984741211
26.09000015258789
26.139999389648438
26.170000076293945
26.110000610351562
26.190000534057617
26.149999618530273
26.079999923706055
26.09000015258789
26.110000610351562
26.100000381469727
26.139999389648438
26.200000762939453
26.200000762939453
26.219999313354492
26.229999542236328
26.299999237060547
26.299999237060547
26.309999465942383
26.360000610351562
26.3799991607666
26.31999969482422
26.350000381469727
26.40999984741211
26.40999984741211
26.420000076293945
26.350000381469727
26.34000015258789
26.280000686645508
26.309999465942383
26.139999389648438
26.239999771118164
26.170000076293945
26.219999313354492
26.229999542236328
26.190000534057617
26.270000457763672
26.190000534057617
26.239999771118164
26.260000228881836
26.200000762939453
26.170000076293945
26.209999084472656
26.229999542236328
26.25
26.229999542236328
26.219999313354492
26.219999313354492
26.200000762939453
26.190000534057617
26.190000534057617
26.209999084472656
26.209999084472656
26.239999771118164
26.219999313354492
26.229999542236328
26.190000534057617
26.200000762939453
26.239999771118164
26.239999771118164
26.209999084472656
26.200000762939453
26.229999542236328
26.229999542236328
26.219999313354492
26.18000030517578
26.209999084472656
26.229999542236328
26.229999542236328
26.270000457763672
26.280000686645508
26.260000228881836
26.239999771118164
26.270000457763672
26.270000457763672
26.270000457763672
26.270000457763672
26.260000228881836
26.25
26.260000228881836
26.280000686645508
26.270000457763672
26.260000228881836
26.270000457763672
26.290000915527344
26.260000228881836
26.239999771118164
26.260000228881836
26.239999771118164
26.25
26.260000228881836
26.270000457763672
26.239999771118164
26.25
26.25
26.260000228881836
26.260000228881836
26.260000228881836
26.270000457763672
26.25
26.239999771118164
26.229999542236328
26.260000228881836
26.25
26.260000228881836
26.25
26.260000228881836
26.270000457763672
26.25
26.229999542236328
26.209999084472656
26.239999771118164
26.229999542236328
26.25
26.229999542236328
26.239999771118164
26.260000228881836
26.25
26.25
26.25
26.229999542236328
26.229999542236328
26.239999771118164
26.25
26.25
26.239999771118164
26.239999771118164
26.25
26.239999771118164
26.239999771118164
26.239999771118164
26.239999771118164
26.239999771118164
26.239999771118164
26.239999771118164
26.239999771118164
26.25
26.260000228881836
26.25
26.25
26.239999771118164
26.239999771118164
26.239999771118164
26.239999771118164
26.25
26.25
26.239999771118164
26.229999542236328
26.219999313354492
26.219999313354492
26.25
26.239999771118164
26.229999542236328
26.229999542236328
26.229999542236328
26.229999542236328
26.239999771118164
26.25
26.219999313354492
26.229999542236328
26.229999542236328
26.219999313354492
26.229999542236328
26.229999542236328
26.239999771118164
26.229999542236328
26.239999771118164
26.239999771118164
26.239999771118164
26.239999771118164
26.239999771118164
26.239999771118164
26.239999771118164
26.25
26.239999771118164
26.25
26.25
26.25
26.239999771118164
26.239999771118164
26.239999771118164
26.25
26.239999771118164
26.239999771118164
26.239999771118164
26.25
26.229999542236328
26.229999542236328
26.239999771118164
26.239999771118164
26.239999771118164
26.25
26.239999771118164
26.25
26.239999771118164
26.25
26.25
26.239999771118164
26.260000228881836
26.25
26.25
26.25
26.25
26.25
26.25
26.25
26.260000228881836
26.260000228881836
26.260000228881836
26.25
26.260000228881836
26.25
26.25
