10.039999961853027
12.5600004196167
14.069999694824219
16.360000610351562
12.619999885559082
10.0
11.680000305175781
10.020000457763672
14.40999984741211
13.720000267028809
11.460000038146973
15.170000076293945
12.25
18.540000915527344
12.390000343322754
15.460000038146973
14.760000228881836
12.880000114440918
18.350000381469727
16.459999084472656
19.639999389648438
18.209999084472656
19.059999465942383
17.809999465942383
14.5600004196167
16.34000015258789
17.25
17.190000534057617
15.039999961853027
19.520000457763672
23.0
16.920000076293945
19.649999618530273
19.719999313354492
18.079999923706055
17.790000915527344
24.170000076293945
20.649999618530273
20.690000534057617
21.209999084472656
23.56999969482422
20.190000534057617
28.68000030517578
18.549999237060547
23.219999313354492
20.889999389648438
24.90999984741211
30.389999389648438
25.190000534057617
21.420000076293945
21.420000076293945
27.049999237060547
23.719999313354492
24.59000015258789
22.799999237060547
26.559999465942383
27.040000915527344
18.200000762939453
24.770000457763672
26.049999237060547
30.459999084472656
26.1299991607666
22.280000686645508
25.229999542236328
19.520000457763672
19.579999923706055
23.850000381469727
25.899999618530273
24.81999969482422
23.959999084472656
22.229999542236328
21.8700008392334
28.65999984741211
27.850000381469727
27.270000457763672
29.65999984741211
19.889999389648438
20.110000610351562
25.479999542236328
26.639999389648438
30.15999984741211
24.450000762939453
29.969999313354492
21.610000610351562
26.260000228881836
29.59000015258789
31.3700008392334
27.959999084472656
24.799999237060547
30.459999084472656
31.149999618530273
28.989999771118164
22.360000610351562
23.010000228881836
26.600000381469727
28.790000915527344
28.450000762939453
19.739999771118164
24.030000686645508
27.540000915527344
30.270000457763672
25.420000076293945
29.280000686645508
25.139999389648438
26.06999969482422
22.600000381469727
27.950000762939453
28.440000534057617
25.360000610351562
29.020000457763672
28.290000915527344
27.579999923706055
26.510000228881836
27.209999084472656
28.229999542236328
29.010000228881836
23.729999542236328
27.5
29.299999237060547
25.510000228881836
26.049999237060547
27.3700008392334
31.989999771118164
32.2599983215332
26.889999389648438
32.38999938964844
26.950000762939453
26.09000015258789
29.290000915527344
29.3799991607666
30.770000457763672
28.260000228881836
33.560001373291016
30.670000076293945
32.4900016784668
27.829999923706055
31.549999237060547
26.8700008392334
28.6299991607666
33.09000015258789
27.670000076293945
29.280000686645508
32.720001220703125
28.059999465942383
29.309999465942383
34.0099983215332
36.900001525878906
26.770000457763672
31.6299991607666
30.3799991607666
28.959999084472656
26.489999771118164
29.530000686645508
22.440000534057617
35.849998474121094
35.43000030517578
30.770000457763672
34.43000030517578
24.969999313354492
34.630001068115234
29.43000030517578
32.189998626708984
30.3700008392334
31.1299991607666
29.950000762939453
22.81999969482422
27.420000076293945
33.209999084472656
19.049999237060547
27.3700008392334
35.150001525878906
21.139999389648438
24.81999969482422
31.469999313354492
32.189998626708984
27.31999969482422
35.29999923706055
29.8799991607666
29.040000915527344
32.18000030517578
30.299999237060547
33.63999938964844
24.040000915527344
31.8700008392334
30.219999313354492
19.209999084472656
25.6200008392334
24.989999771118164
19.059999465942383
22.889999389648438
16.829999923706055
26.760000228881836
21.43000030517578
25.459999084472656
27.18000030517578
21.299999237060547
22.15999984741211
25.84000015258789
33.58000183105469
21.90999984741211
20.610000610351562
27.969999313354492
24.34000015258789
13.239999771118164
23.540000915527344
27.780000686645508
22.8700008392334
20.18000030517578
25.68000030517578
11.220000267028809
27.709999084472656
23.139999389648438
20.81999969482422
24.81999969482422
26.6200008392334
20.389999389648438
26.489999771118164
28.0
26.780000686645508
27.649999618530273
27.31999969482422
19.100000381469727
27.219999313354492
25.510000228881836
28.8799991607666
16.360000610351562
26.600000381469727
25.170000076293945
29.65999984741211
18.1299991607666
22.270000457763672
28.329999923706055
26.700000762939453
27.010000228881836
19.799999237060547
27.969999313354492
33.790000915527344
32.119998931884766
23.360000610351562
35.119998931884766
32.70000076293945
33.0099983215332
30.829999923706055
29.809999465942383
33.11000061035156
28.75
26.729999542236328
31.06999969482422
33.25
26.889999389648438
33.650001525878906
29.920000076293945
32.16999816894531
33.709999084472656
32.060001373291016
33.95000076293945
31.309999465942383
25.229999542236328
33.150001525878906
29.670000076293945
36.849998474121094
36.40999984741211
31.899999618530273
30.110000610351562
35.2599983215332
33.18000030517578
36.43000030517578
36.20000076293945
34.61000061035156
32.54999923706055
36.970001220703125
34.83000183105469
37.31999969482422
32.720001220703125
33.209999084472656
33.27000045776367
35.70000076293945
35.630001068115234
36.540000915527344
33.95000076293945
36.31999969482422
36.08000183105469
37.22999954223633
36.40999984741211
37.95000076293945
35.16999816894531
34.040000915527344
34.81999969482422
37.65999984741211
37.70000076293945
37.66999816894531
35.02000045776367
34.720001220703125
36.22999954223633
37.68000030517578
37.7599983215332
37.810001373291016
36.83000183105469
36.33000183105469
36.34000015258789
37.40999984741211
37.599998474121094
37.56999969482422
35.97999954223633
37.02000045776367
37.29999923706055
37.540000915527344
38.13999938964844
38.099998474121094
37.130001068115234
36.380001068115234
35.83000183105469
37.29999923706055
37.7599983215332
37.77000045776367
37.68000030517578
37.689998626708984
37.86000061035156
38.099998474121094
37.81999969482422
38.060001373291016
37.2599983215332
36.779998779296875
37.279998779296875
37.95000076293945
38.150001525878906
37.869998931884766
37.66999816894531
36.959999084472656
37.02000045776367
38.150001525878906
38.22999954223633
37.959999084472656
37.5
37.22999954223633
37.02000045776367
37.58000183105469
38.119998931884766
37.959999084472656
37.84000015258789
37.63999938964844
37.380001068115234
37.77000045776367
38.189998626708984
37.970001220703125
37.849998474121094
37.599998474121094
37.470001220703125
37.849998474121094
38.06999969482422
38.279998779296875
38.0
37.66999816894531
37.72999954223633
37.970001220703125
38.04999923706055
38.029998779296875
37.959999084472656
37.959999084472656
37.959999084472656
37.619998931884766
37.790000915527344
37.95000076293945
38.04999923706055
38.029998779296875
38.09000015258789
37.849998474121094
37.84000015258789
37.810001373291016
37.75
37.81999969482422
37.93000030517578
38.0099983215332
37.90999984741211
37.93000030517578
37.97999954223633
37.91999816894531
37.88999938964844
37.959999084472656
37.91999816894531
37.900001525878906
37.7599983215332
37.77000045776367
37.86000061035156
37.81999969482422
37.7599983215332
37.83000183105469
37.93000030517578
37.939998626708984
37.88999938964844
37.86000061035156
37.93000030517578
37.86000061035156
37.900001525878906
37.959999084472656
37.970001220703125
37.880001068115234
37.93000030517578
37.84000015258789
37.939998626708984
37.91999816894531
37.849998474121094
37.86000061035156
37.869998931884766
37.849998474121094
37.810001373291016
37.77000045776367
37.810001373291016
37.84000015258789
37.88999938964844
37.86000061035156
37.849998474121094
37.880001068115234
37.810001373291016
37.779998779296875
37.84000015258789
37.91999816894531
37.97999954223633
38.0
37.970001220703125
38.0
38.0
37.97999954223633
37.970001220703125
37.939998626708984
37.959999084472656
37.91999816894531
37.86000061035156
37.84000015258789
37.849998474121094
37.880001068115234
37.900001525878906
37.93000030517578
37.97999954223633
37.959999084472656
37.939998626708984
37.959999084472656
37.90999984741211
37.90999984741211
37.91999816894531
37.95000076293945
37.91999816894531
37.93000030517578
37.939998626708984
37.91999816894531
37.939998626708984
37.91999816894531
37.95000076293945
37.91999816894531
37.88999938964844
37.900001525878906
37.900001525878906
37.88999938964844
37.88999938964844
37.88999938964844
37.869998931884766
37.869998931884766
37.849998474121094
37.869998931884766
37.86000061035156
37.849998474121094
37.900001525878906
37.86000061035156
37.88999938964844
37.880001068115234
37.900001525878906
37.90999984741211
37.88999938964844
37.900001525878906
37.900001525878906
37.88999938964844
37.880001068115234
37.880001068115234
37.869998931884766
37.88999938964844
37.88999938964844
37.900001525878906
37.88999938964844
37.88999938964844
37.880001068115234
37.869998931884766
37.880001068115234
37.86000061035156
37.86000061035156
37.88999938964844
37.91999816894531
37.91999816894531
37.93000030517578
37.91999816894531
37.90999984741211
37.90999984741211
37.90999984741211
37.93000030517578
37.90999984741211
37.91999816894531
37.900001525878906
37.88999938964844
37.880001068115234
37.869998931884766
37.880001068115234
