10.050000190734863
10.890000343322754
9.979999542236328
11.619999885559082
11.75
10.109999656677246
12.229999542236328
10.0
13.1899995803833
13.050000190734863
15.729999542236328
13.130000114440918
17.639999389648438
21.940000534057617
19.020000457763672
21.579999923706055
14.5600004196167
19.479999542236328
20.8700008392334
18.09000015258789
21.760000228881836
22.559999465942383
22.440000534057617
22.940000534057617
22.34000015258789
21.469999313354492
21.469999313354492
18.40999984741211
22.829999923706055
22.350000381469727
20.719999313354492
22.09000015258789
21.950000762939453
22.639999389648438
22.530000686645508
21.290000915527344
25.739999771118164
22.81999969482422
28.31999969482422
25.329999923706055
26.729999542236328
20.93000030517578
23.299999237060547
23.6299991607666
23.110000610351562
21.420000076293945
25.6200008392334
25.8700008392334
24.510000228881836
25.709999084472656
24.010000228881836
20.8700008392334
23.350000381469727
25.170000076293945
24.239999771118164
24.610000610351562
25.729999542236328
27.239999771118164
24.989999771118164
24.030000686645508
25.860000610351562
25.540000915527344
27.34000015258789
21.899999618530273
26.290000915527344
25.030000686645508
26.31999969482422
25.790000915527344
26.030000686645508
27.399999618530273
26.510000228881836
29.0
25.760000228881836
26.899999618530273
27.389999389648438
26.299999237060547
26.65999984741211
29.059999465942383
25.770000457763672
26.56999969482422
27.760000228881836
26.1299991607666
26.639999389648438
23.719999313354492
26.93000030517578
26.649999618530273
27.65999984741211
30.239999771118164
26.040000915527344
27.690000534057617
29.8700008392334
27.600000381469727
29.1200008392334
24.40999984741211
28.850000381469727
24.760000228881836
28.049999237060547
25.540000915527344
29.25
26.540000915527344
28.90999984741211
26.0
30.25
26.510000228881836
30.8700008392334
30.520000457763672
31.18000030517578
30.290000915527344
28.979999542236328
30.239999771118164
30.459999084472656
30.3700008392334
29.40999984741211
30.239999771118164
30.139999389648438
27.950000762939453
30.8799991607666
30.290000915527344
28.700000762939453
30.149999618530273
28.049999237060547
30.809999465942383
29.610000610351562
28.510000228881836
31.34000015258789
31.59000015258789
27.239999771118164
29.709999084472656
29.010000228881836
29.270000457763672
30.489999771118164
29.829999923706055
31.3799991607666
32.38999938964844
29.520000457763672
30.219999313354492
31.459999084472656
32.5099983215332
28.510000228881836
29.100000381469727
30.75
29.25
31.149999618530273
31.56999969482422
32.34000015258789
33.18000030517578
27.559999465942383
32.7400016784668
32.70000076293945
33.18000030517578
26.56999969482422
31.3700008392334
33.099998474121094
27.209999084472656
33.099998474121094
27.719999313354492
32.77000045776367
33.27000045776367
28.40999984741211
32.7599983215332
31.68000030517578
27.139999389648438
32.08000183105469
32.970001220703125
28.8700008392334
31.790000915527344
33.0
27.110000610351562
32.869998931884766
29.3700008392334
30.59000015258789
26.1200008392334
33.04999923706055
23.940000534057617
31.760000228881836
23.309999465942383
33.2599983215332
20.729999542236328
32.7599983215332
18.56999969482422
32.20000076293945
19.760000228881836
31.969999313354492
13.390000343322754
31.940000534057617
13.25
31.600000381469727
11.15999984741211
32.369998931884766
10.0600004196167
17.229999542236328
10.0
10.0
9.800000190734863
10.539999961853027
10.609999656677246
11.010000228881836
11.25
11.720000267028809
11.8100004196167
12.1899995803833
12.279999732971191
12.380000114440918
12.390000343322754
12.579999923706055
12.850000381469727
12.600000381469727
13.09000015258789
12.630000114440918
13.130000114440918
12.970000267028809
12.859999656677246
13.09000015258789
13.130000114440918
13.279999732971191
12.789999961853027
13.59000015258789
13.449999809265137
13.59000015258789
13.069999694824219
13.739999771118164
13.619999885559082
13.649999618530273
13.380000114440918
14.109999656677246
13.970000267028809
13.970000267028809
13.789999961853027
13.890000343322754
13.90999984741211
13.670000076293945
14.170000076293945
14.380000114440918
14.140000343322754
14.479999542236328
14.210000038146973
14.460000038146973
14.109999656677246
14.529999732971191
13.960000038146973
14.619999885559082
14.529999732971191
14.770000457763672
14.550000190734863
14.819999694824219
14.470000267028809
14.600000381469727
14.170000076293945
14.649999618530273
14.380000114440918
14.930000305175781
14.720000267028809
14.90999984741211
14.6899995803833
14.979999542236328
14.65999984741211
15.029999732971191
15.119999885559082
15.010000228881836
14.800000190734863
15.170000076293945
15.010000228881836
15.149999618530273
15.119999885559082
15.1899995803833
14.989999771118164
15.130000114440918
15.069999694824219
15.0600004196167
15.09000015258789
15.149999618530273
15.180000305175781
15.239999771118164
15.270000457763672
15.260000228881836
15.40999984741211
15.300000190734863
15.279999732971191
15.279999732971191
15.25
15.4399995803833
15.270000457763672
15.300000190734863
15.199999809265137
15.300000190734863
15.300000190734863
15.260000228881836
15.449999809265137
15.369999885559082
15.3100004196167
15.399999618530273
15.34000015258789
15.529999732971191
15.319999694824219
15.430000305175781
15.470000267028809
15.34000015258789
15.260000228881836
15.40999984741211
15.5
15.369999885559082
15.489999771118164
15.390000343322754
15.40999984741211
15.430000305175781
15.420000076293945
15.4399995803833
15.350000381469727
15.430000305175781
15.40999984741211
15.390000343322754
15.390000343322754
15.5
15.40999984741211
15.4399995803833
15.460000038146973
15.489999771118164
15.460000038146973
15.4399995803833
15.399999618530273
15.460000038146973
15.5
15.460000038146973
15.539999961853027
15.479999542236328
15.5
15.489999771118164
15.539999961853027
15.520000457763672
15.550000190734863
15.569999694824219
15.529999732971191
15.510000228881836
15.479999542236328
15.489999771118164
15.4399995803833
15.520000457763672
15.510000228881836
15.510000228881836
15.520000457763672
15.539999961853027
15.59000015258789
15.600000381469727
15.609999656677246
15.609999656677246
15.600000381469727
15.59000015258789
15.600000381469727
15.609999656677246
15.520000457763672
15.550000190734863
15.529999732971191
15.539999961853027
15.529999732971191
15.5600004196167
15.539999961853027
15.539999961853027
15.520000457763672
15.5
15.550000190734863
15.569999694824219
15.539999961853027
15.539999961853027
15.529999732971191
15.529999732971191
15.520000457763672
15.529999732971191
15.510000228881836
15.539999961853027
15.529999732971191
15.529999732971191
15.520000457763672
15.5600004196167
15.529999732971191
15.529999732971191
15.569999694824219
15.529999732971191
15.539999961853027
15.579999923706055
15.579999923706055
15.569999694824219
15.579999923706055
15.579999923706055
15.5600004196167
15.550000190734863
15.539999961853027
15.550000190734863
15.550000190734863
15.550000190734863
15.5600004196167
15.569999694824219
15.550000190734863
15.5600004196167
15.569999694824219
15.600000381469727
15.619999885559082
15.619999885559082
15.59000015258789
15.600000381469727
15.59000015258789
15.59000015258789
15.600000381469727
15.600000381469727
15.609999656677246
15.609999656677246
15.600000381469727
15.569999694824219
15.569999694824219
15.600000381469727
15.600000381469727
15.630000114440918
15.609999656677246
15.600000381469727
15.640000343322754
15.609999656677246
15.600000381469727
15.600000381469727
15.619999885559082
15.600000381469727
15.619999885559082
15.630000114440918
15.609999656677246
15.609999656677246
15.609999656677246
15.619999885559082
15.609999656677246
15.619999885559082
15.619999885559082
15.619999885559082
15.619999885559082
15.59000015258789
15.619999885559082
15.609999656677246
15.609999656677246
15.600000381469727
15.609999656677246
15.579999923706055
15.609999656677246
15.609999656677246
15.619999885559082
15.609999656677246
15.600000381469727
15.600000381469727
15.59000015258789
15.59000015258789
15.59000015258789
15.579999923706055
15.569999694824219
15.59000015258789
15.59000015258789
15.59000015258789
15.579999923706055
15.59000015258789
15.569999694824219
15.600000381469727
15.600000381469727
15.59000015258789
15.600000381469727
15.569999694824219
15.579999923706055
15.579999923706055
15.579999923706055
15.579999923706055
15.579999923706055
15.569999694824219
15.569999694824219
15.569999694824219
15.5600004196167
15.569999694824219
15.569999694824219
15.5600004196167
15.569999694824219
15.579999923706055
15.569999694824219
15.59000015258789
15.579999923706055
15.569999694824219
15.569999694824219
15.579999923706055
15.569999694824219
15.579999923706055
15.569999694824219
15.569999694824219
15.579999923706055
15.579999923706055
15.579999923706055
15.579999923706055
15.59000015258789
15.609999656677246
15.600000381469727
15.59000015258789
15.59000015258789
15.600000381469727
15.600000381469727
15.59000015258789
15.59000015258789
15.600000381469727
15.600000381469727
15.600000381469727
15.609999656677246
