9.5
10.520000457763672
10.199999809265137
11.0
10.479999542236328
10.0600004196167
14.300000190734863
20.600000381469727
26.18000030517578
29.75
30.110000610351562
26.8700008392334
23.950000762939453
20.610000610351562
20.540000915527344
20.84000015258789
24.030000686645508
29.719999313354492
33.36000061035156
36.2400016784668
38.45000076293945
38.400001525878906
42.11000061035156
42.709999084472656
43.27000045776367
44.040000915527344
44.75
45.599998474121094
45.65999984741211
46.08000183105469
46.90999984741211
46.900001525878906
47.459999084472656
53.400001525878906
49.11000061035156
50.79999923706055
49.630001068115234
52.060001373291016
47.970001220703125
50.529998779296875
47.279998779296875
49.560001373291016
47.68000030517578
49.88999938964844
46.95000076293945
47.47999954223633
49.220001220703125
50.43000030517578
48.13999938964844
50.470001220703125
51.38999938964844
48.689998626708984
48.970001220703125
51.959999084472656
49.22999954223633
51.43000030517578
52.0
53.45000076293945
51.2400016784668
53.709999084472656
49.88999938964844
52.95000076293945
53.939998626708984
55.529998779296875
51.29999923706055
54.04999923706055
55.459999084472656
56.18000030517578
56.75
52.689998626708984
55.16999816894531
53.56999969482422
55.5099983215332
55.880001068115234
56.79999923706055
53.36000061035156
55.810001373291016
56.63999938964844
57.16999816894531
54.16999816894531
56.06999969482422
57.0099983215332
54.33000183105469
56.18000030517578
54.04999923706055
56.25
57.130001068115234
55.77000045776367
55.279998779296875
56.560001373291016
57.29999923706055
57.619998931884766
56.47999954223633
56.91999816894531
56.08000183105469
56.91999816894531
57.38999938964844
57.529998779296875
56.91999816894531
57.209999084472656
56.38999938964844
57.13999938964844
56.4900016784668
57.25
56.560001373291016
56.20000076293945
55.72999954223633
55.630001068115234
56.650001525878906
55.560001373291016
56.529998779296875
56.099998474121094
57.18000030517578
57.470001220703125
56.84000015258789
56.4900016784668
56.380001068115234
56.88999938964844
57.310001373291016
57.31999969482422
57.65999984741211
57.4900016784668
57.0
56.810001373291016
57.189998626708984
57.380001068115234
57.54999923706055
57.709999084472656
57.83000183105469
58.20000076293945
57.81999969482422
57.31999969482422
57.56999969482422
57.68000030517578
57.79999923706055
57.560001373291016
57.41999816894531
57.4900016784668
57.65999984741211
57.36000061035156
57.38999938964844
57.54999923706055
57.650001525878906
57.70000076293945
57.599998474121094
57.689998626708984
57.720001220703125
57.75
57.7599983215332
57.77000045776367
57.88999938964844
57.9900016784668
57.720001220703125
57.72999954223633
57.779998779296875
57.79999923706055
57.66999816894531
57.68000030517578
57.650001525878906
57.45000076293945
57.59000015258789
57.65999984741211
57.75
57.81999969482422
57.790000915527344
57.650001525878906
57.72999954223633
57.630001068115234
57.599998474121094
57.66999816894531
57.7599983215332
57.56999969482422
57.66999816894531
57.52000045776367
57.599998474121094
57.65999984741211
57.72999954223633
57.72999954223633
57.70000076293945
57.709999084472656
57.77000045776367
57.79999923706055
57.84000015258789
57.86000061035156
57.880001068115234
57.88999938964844
57.869998931884766
57.86000061035156
57.83000183105469
57.81999969482422
57.77000045776367
57.790000915527344
57.7400016784668
57.779998779296875
57.7599983215332
57.66999816894531
57.619998931884766
57.650001525878906
57.68000030517578
57.7400016784668
