1.326259970664978
1.3091468811035156
1.3177034854888916
1.326259970664978
1.5145032405853271
1.5743988752365112
3.8589885234832764
3.8761017322540283
3.7220842838287354
3.7049713134765625
3.645075798034668
3.670745372772217
3.670745372772217
3.610849618911743
3.636519193649292
3.6793017387390137
3.645075798034668
3.645075798034668
3.636519193649292
3.7220842838287354
3.8504321575164795
3.8761017322540283
3.8247625827789307
4.303927421569824
4.321040630340576
4.226918697357178
4.33815336227417
4.321040630340576
3.5766236782073975
4.261144638061523
4.167023181915283
3.9873363971710205
3.790536403656006
3.927440643310547
3.7135279178619385
3.662188768386841
3.619406223297119
3.610849618911743
3.619406223297119
3.645075798034668
3.619406223297119
3.6793017387390137
3.653632164001465
3.6964147090911865
3.610849618911743
3.610849618911743
3.619406223297119
3.610849618911743
3.653632164001465
3.7135279178619385
3.6964147090911865
3.6964147090911865
3.764866828918457
3.6878583431243896
3.6793017387390137
3.6793017387390137
3.781980037689209
3.781980037689209
4.01300573348999
3.6793017387390137
3.6793017387390137
3.645075798034668
3.670745372772217
3.6793017387390137
3.6793017387390137
3.7135279178619385
3.8247625827789307
3.8333191871643066
3.8504321575164795
4.1327972412109375
4.055788516998291
3.9958927631378174
3.8247625827789307
4.064344882965088
3.9873363971710205
3.8504321575164795
3.927440643310547
3.790536403656006
3.7220842838287354
3.8589885234832764
3.927440643310547
4.1327972412109375
3.901771306991577
3.8333191871643066
3.7391974925994873
3.7135279178619385
3.7220842838287354
3.6964147090911865
3.6964147090911865
3.645075798034668
3.645075798034668
3.645075798034668
3.662188768386841
3.645075798034668
3.662188768386841
3.653632164001465
3.6793017387390137
3.6964147090911865
3.662188768386841
3.653632164001465
3.645075798034668
3.6793017387390137
3.670745372772217
3.6793017387390137
3.6793017387390137
3.662188768386841
3.662188768386841
3.670745372772217
3.662188768386841
3.636519193649292
3.645075798034668
3.636519193649292
3.670745372772217
3.653632164001465
3.653632164001465
3.662188768386841
3.662188768386841
3.6964147090911865
3.7049713134765625
3.6964147090911865
3.6964147090911865
3.6793017387390137
3.6964147090911865
3.6964147090911865
3.6964147090911865
3.6964147090911865
3.7049713134765625
3.7049713134765625
3.7049713134765625
3.7049713134765625
3.7049713134765625
3.7135279178619385
3.773423433303833
3.75631046295166
3.8418755531311035
3.8162059783935547
3.8504321575164795
3.8504321575164795
3.8162059783935547
3.773423433303833
3.75631046295166
3.75631046295166
3.7220842838287354
3.7135279178619385
3.7049713134765625
3.764866828918457
3.75631046295166
3.7220842838287354
3.7135279178619385
3.781980037689209
3.8589885234832764
3.8418755531311035
3.8418755531311035
3.7220842838287354
3.807649612426758
3.75631046295166
3.7220842838287354
3.747753858566284
3.7220842838287354
3.7135279178619385
3.7220842838287354
3.7135279178619385
3.6964147090911865
3.7220842838287354
3.7220842838287354
3.7220842838287354
3.7049713134765625
3.7135279178619385
3.6964147090911865
3.6964147090911865
3.6964147090911865
3.670745372772217
3.6964147090911865
3.6964147090911865
3.6964147090911865
3.6964147090911865
3.6964147090911865
3.6964147090911865
3.6964147090911865
3.6964147090911865
3.6964147090911865
3.6964147090911865
3.7049713134765625
3.7220842838287354
3.7135279178619385
3.7135279178619385
3.7135279178619385
3.7220842838287354
3.7135279178619385
3.7135279178619385
3.7135279178619385
3.7135279178619385
3.7135279178619385
3.7220842838287354
3.7135279178619385
3.7306408882141113
3.7135279178619385
3.7135279178619385
3.7135279178619385
3.7220842838287354
3.781980037689209
3.8162059783935547
3.8162059783935547
3.8247625827789307
3.8333191871643066
3.8247625827789307
3.8333191871643066
3.8333191871643066
3.781980037689209
3.8589885234832764
3.8333191871643066
3.8333191871643066
3.8333191871643066
3.8333191871643066
3.807649612426758
3.8333191871643066
3.799093008041382
3.8333191871643066
3.807649612426758
3.807649612426758
3.8333191871643066
3.8333191871643066
3.8333191871643066
3.8247625827789307
3.8333191871643066
3.773423433303833
3.781980037689209
3.75631046295166
3.7391974925994873
3.7391974925994873
3.7391974925994873
3.7391974925994873
3.7306408882141113
3.7306408882141113
3.7306408882141113
3.7391974925994873
3.7391974925994873
3.747753858566284
3.7391974925994873
3.764866828918457
3.773423433303833
3.8247625827789307
3.8761017322540283
3.91888427734375
3.8504321575164795
3.8761017322540283
3.8761017322540283
3.9702234268188477
3.9616668224334717
3.9787797927856445
3.884658098220825
3.9531102180480957
3.9616668224334717
4.08145809173584
3.773423433303833
3.8761017322540283
3.884658098220825
3.8333191871643066
3.893214702606201
3.8247625827789307
3.884658098220825
3.9531102180480957
3.9958927631378174
3.9787797927856445
3.9958927631378174
3.9616668224334717
3.9873363971710205
3.944553852081299
3.91888427734375
3.9787797927856445
3.9616668224334717
3.9616668224334717
4.1327972412109375
4.192692756652832
4.235475540161133
4.24403190612793
4.1327972412109375
4.192692756652832
4.209805965423584
4.158466815948486
4.372379779815674
4.5435099601745605
4.483614444732666
4.671857833862305
4.3980488777160645
4.483614444732666
4.321040630340576
4.312483787536621
4.50072717666626
4.483614444732666
4.389492511749268
4.492170810699463
4.209805965423584
4.303927421569824
4.372379779815674
4.526396751403809
4.509284019470215
4.475057601928711
4.457944869995117
4.552066326141357
4.372379779815674
4.50072717666626
4.526396751403809
4.629075050354004
4.637631416320801
4.552066326141357
4.50072717666626
4.534953594207764
4.526396751403809
4.577735900878906
4.808762073516846
4.611961841583252
4.723196506500244
4.637631416320801
4.66330099105835
5.022674560546875
4.8344316482543945
4.937109470367432
5.014118194580078
5.03123140335083
5.151022434234619
5.305039882659912
5.082570552825928
5.305039882659912
5.35637903213501
5.758534908294678
5.441944122314453
5.604517936706543
5.45050048828125
5.322152614593506
5.339265823364258
5.578848361968994
5.578848361968994
5.536065578460693
5.561735153198242
5.578848361968994
5.655857086181641
5.630187511444092
5.493283271789551
5.5189528465271
5.698639392852783
5.604517936706543
5.3906049728393555
5.536065578460693
5.6815266609191895
5.501839637756348
5.347822189331055
5.416274547576904
5.604517936706543
5.690083026885986
5.9382219314575195
5.595961093902588
5.8013176918029785
5.963891506195068
5.8013176918029785
5.77564811706543
5.784204483032227
6.032343864440918
6.040900230407715
6.023787021636963
5.9553351402282715
6.049456596374512
6.015230655670166
5.844100475311279
6.0751261711120605
6.100795745849609
5.912552356719971
6.100795745849609
6.032343864440918
5.946778297424316
5.835543632507324
5.809874057769775
5.9553351402282715
6.280482769012451
6.23769998550415
6.30615234375
6.126465320587158
6.348934650421143
6.425943374633789
6.614186763763428
6.648412704467773
6.46872615814209
6.460169315338135
6.417387008666992
6.579960823059082
6.708308219909668
6.793873310089111
6.836656093597412
6.810986518859863
6.639856338500977
6.639856338500977
6.682638645172119
6.768204212188721
6.716865062713623
6.751091003417969
6.682638645172119
6.853769302368164
6.870882034301758
6.956447124481201
6.999229907989502
6.9222211837768555
6.9222211837768555
7.084794998168945
6.691195487976074
6.708308219909668
6.665525913238525
6.733977794647217
6.674082279205322
6.768204212188721
6.802430152893066
7.0591254234313965
6.973560333251953
6.973560333251953
6.98211669921875
6.973560333251953
6.973560333251953
6.828099727630615
6.7853169441223145
6.853769302368164
7.016343116760254
7.221699237823486
7.298707962036133
7.178916931152344
7.110464572906494
7.016343116760254
7.14469051361084
6.999229907989502
6.947890758514404
6.905108451843262
6.913664817810059
6.862325668334961
6.939334392547607
6.88799524307251
7.0505690574646
7.161803722381592
7.119020938873291
7.2131428718566895
7.1960296630859375
7.264482021331787
7.281594753265381
7.247368812561035
7.461281776428223
7.367160320281982
7.315821170806885
7.30726432800293
7.255925178527832
7.221699237823486
7.290151596069336
7.247368812561035
7.255925178527832
7.187473297119141
7.136134147644043
7.290151596069336
7.255925178527832
7.255925178527832
7.230255603790283
7.247368812561035
7.247368812561035
7.230255603790283
7.153247356414795
7.084794998168945
7.221699237823486
7.170360088348389
7.119020938873291
7.187473297119141
7.273038387298584
7.230255603790283
7.170360088348389
7.161803722381592
7.110464572906494
7.127577781677246
7.076238632202148
7.0591254234313965
6.98211669921875
7.0591254234313965
7.101908206939697
7.084794998168945
7.033455848693848
7.110464572906494
7.110464572906494
7.093351364135742
7.2131428718566895
7.153247356414795
7.093351364135742
7.084794998168945
7.024899482727051
7.084794998168945
7.0591254234313965
7.007786273956299
7.067682266235352
7.170360088348389
7.093351364135742
7.0505690574646
7.119020938873291
7.127577781677246
7.0505690574646
7.007786273956299
6.98211669921875
6.999229907989502
6.930777549743652
