5.655857086181641
5.595961093902588
6.999229907989502
4.646188259124756
6.443056583404541
4.629075050354004
4.765979290008545
4.997004985809326
6.0751261711120605
7.290151596069336
7.495507717132568
13.24548625946045
5.364935398101807
8.599298477172852
15.119363784790039
23.6074275970459
7.110464572906494
4.765979290008545
18.661760330200195
20.843671798706055
12.098913192749023
9.04423713684082
14.61452865600586
14.511850357055664
20.843671798706055
18.43929100036621
7.803542613983154
16.334388732910156
12.338496208190918
15.102250099182129
30.503978729248047
27.96269416809082
27.800119400024414
29.37451934814453
23.6074275970459
24.06947898864746
31.65055274963379
29.836570739746094
32.403526306152344
31.984256744384766
29.092153549194336
24.129375457763672
28.87824058532715
23.56464385986328
28.912466049194336
27.43218994140625
33.781124114990234
29.853683471679688
35.21862030029297
25.224609375
33.34474182128906
28.125267028808594
25.387182235717773
22.93146324157715
31.52220344543457
33.94369888305664
32.19816970825195
31.308290481567383
25.327287673950195
31.111492156982422
40.5493278503418
40.361083984375
32.12971496582031
31.958585739135742
35.05604553222656
29.810901641845703
27.415077209472656
34.43997573852539
37.14383316040039
37.571659088134766
33.92658615112305
38.54710388183594
39.385643005371094
34.7822380065918
39.47120666503906
35.00470733642578
30.683666229248047
36.88713836669922
38.54710388183594
39.21451187133789
37.14383316040039
39.0177116394043
27.800119400024414
39.051937103271484
35.5779914855957
34.38008117675781
36.77590560913086
44.57944869995117
42.09805679321289
40.39530944824219
38.666893005371094
31.838794708251953
38.30752182006836
42.01249313354492
43.877811431884766
41.39642333984375
39.5567741394043
36.82724380493164
43.15906524658203
40.01882553100586
41.353641510009766
42.53443908691406
43.68101119995117
42.17506790161133
47.57422637939453
36.86146926879883
47.47154998779297
42.22640609741211
45.05005645751953
47.75391387939453
41.772911071777344
41.15684127807617
44.92170715332031
43.44998550415039
47.41165542602539
46.06827926635742
48.25019073486328
41.772911071777344
46.17951583862305
48.755027770996094
48.76358413696289
47.839481353759766
49.396766662597656
46.804141998291016
44.9559326171875
43.946266174316406
51.219303131103516
49.011722564697266
52.84504318237305
50.32942581176758
50.52622604370117
47.52288818359375
42.705570220947266
47.95927047729492
47.42021179199219
49.76469421386719
50.30375671386719
47.57422637939453
49.78180694580078
48.35287094116211
50.0812873840332
47.839481353759766
50.072731018066406
51.604347229003906
52.56267547607422
50.48344421386719
46.60734176635742
47.88226318359375
50.021392822265625
53.09318161010742
51.244972229003906
49.841705322265625
51.86104202270508
50.4406623840332
53.83759689331055
49.60212326049805
50.226749420166016
51.74980926513672
52.48566818237305
50.782920837402344
48.84914779663086
51.39043426513672
50.808589935302734
48.08761978149414
51.36476516723633
49.14862823486328
49.62779235839844
53.170188903808594
54.15419006347656
54.701805114746094
53.64935302734375
51.91238021850586
55.17241287231445
56.15641403198242
56.92649841308594
55.702919006347656
51.193634033203125
51.484554290771484
51.94660568237305
55.21519470214844
54.3167610168457
55.00128173828125
55.74570083618164
57.53401184082031
55.09540557861328
54.99272537231445
55.42055130004883
55.916831970214844
55.112518310546875
57.83348846435547
56.90082931518555
55.2323112487793
55.138187408447266
53.77770233154297
56.63557815551758
53.332763671875
52.58834457397461
54.590572357177734
58.97150802612305
59.596134185791016
57.63669204711914
57.21742248535156
56.21630859375
53.83759689331055
55.64302062988281
54.23975372314453
58.800376892089844
57.790706634521484
60.8026008605957
58.381107330322266
58.61213302612305
57.970394134521484
58.55223846435547
59.476341247558594
57.35432434082031
58.23564529418945
62.31710433959961
60.50312423706055
59.01428985595703
60.9822883605957
58.16719436645508
60.092411041259766
59.15119552612305
59.4506721496582
57.85060501098633
58.13296890258789
60.31488037109375
56.644134521484375
56.122188568115234
60.588687896728516
59.972618103027344
60.118080139160156
61.444339752197266
61.110633850097656
60.73414993286133
60.72559356689453
58.86882781982422
60.477455139160156
61.01651382446289
61.90639114379883
60.70848083496094
61.367332458496094
58.97150802612305
62.36844253540039
62.898948669433594
61.92350387573242
60.48601150512695
58.68914031982422
60.28065490722656
62.248653411865234
61.67536544799805
62.180198669433594
60.07529830932617
62.8818359375
62.8732795715332
62.62513732910156
63.08719253540039
60.88816452026367
63.335330963134766
59.92127990722656
61.67536544799805
62.37699890136719
59.211090087890625
58.43244552612305
61.49567794799805
62.96739959716797
63.55780029296875
63.18986892700195
63.01873779296875
61.649696350097656
62.222984313964844
62.41978454589844
62.36844253540039
60.177974700927734
64.07975006103516
63.25831985473633
62.5310173034668
57.970394134521484
61.99195861816406
61.85505294799805
65.08941650390625
62.29143524169922
62.685035705566406
63.24976348876953
62.67647933959961
63.078636169433594
64.72148895263672
63.52357482910156
63.22409439086914
62.58235549926758
64.19953918457031
63.72037124633789
63.14708709716797
62.659366607666016
62.40266799926758
63.651920318603516
62.1545295715332
61.87216567993164
60.588687896728516
63.84872055053711
65.44023132324219
62.72781753540039
63.335330963134766
63.77171325683594
62.57379913330078
64.15675354003906
64.55891418457031
64.96106719970703
63.37811279296875
63.01018142700195
63.8829460144043
65.46590423583984
65.2092056274414
64.32788848876953
63.84872055053711
64.72148895263672
62.12886047363281
62.1630859375
63.66047668457031
64.71292877197266
64.72148895263672
65.17498016357422
64.17386627197266
65.68836975097656
64.79849243164062
65.17498016357422
65.85950469970703
64.48190307617188
65.69692993164062
63.31821823120117
65.0637435913086
65.57713317871094
66.3814468383789
64.4305648803711
65.45734405517578
65.91939544677734
64.7899398803711
65.18354034423828
65.30332946777344
64.38777923583984
65.39745330810547
64.60169219970703
63.07007598876953
63.540687561035156
64.52468872070312
66.15042114257812
66.19320678710938
66.26165771484375
65.6028060913086
65.07230377197266
66.09053039550781
64.64447784423828
65.046630859375
64.2508773803711
65.54290771484375
65.12364196777344
65.72259521484375
65.18354034423828
65.39745330810547
64.67870330810547
65.30332946777344
65.765380859375
66.62958526611328
66.53546905517578
66.62958526611328
65.71404266357422
65.6028060913086
66.52690887451172
66.43278503417969
66.51835632324219
66.70659637451172
65.19209289550781
66.80927276611328
66.9205093383789
66.80072021484375
66.88628387451172
66.66381072998047
66.31299591064453
66.78360748291016
65.66270446777344
66.5611343383789
66.124755859375
65.50868225097656
66.09908294677734
66.53546905517578
66.31299591064453
67.53657531738281
66.4156723022461
66.22743225097656
67.22854614257812
66.22743225097656
66.84349822998047
66.64669799804688
66.34722137451172
65.75682067871094
66.39000701904297
67.18576049804688
66.2873306274414
67.52802276611328
66.76649475097656
67.39112091064453
66.66381072998047
67.2969970703125
67.28843688964844
66.56969451904297
67.74193572998047
66.62958526611328
67.08308410644531
66.05630493164062
66.15042114257812
65.46590423583984
66.89484405517578
66.7750473022461
67.41678619384766
65.226318359375
65.62847900390625
65.80816650390625
67.25421142578125
66.99752044677734
68.0927505493164
65.69692993164062
66.9205093383789
67.9986343383789
67.1173095703125
67.45101165771484
67.69059753417969
67.6563720703125
68.00718688964844
67.2969970703125
67.19432067871094
66.7408218383789
67.43389892578125
67.81038665771484
67.54513549804688
68.0157470703125
67.23709869384766
67.74193572998047
68.06708526611328
67.97296142578125
68.60614013671875
66.9547348022461
68.37511444091797
66.61247253417969
67.34833526611328
67.39112091064453
68.26388549804688
67.3141098022461
67.7333755493164
67.63069915771484
68.02429962158203
68.43501281738281
66.13330841064453
68.11842346191406
67.72482299804688
68.51202392578125
67.72482299804688
68.24677276611328
68.14408874511719
67.9986343383789
67.86172485351562
67.9472885131836
67.66492462158203
67.58792114257812
66.66381072998047
66.27021789550781
67.71626281738281
67.87028503417969
67.55369567871094
68.2724380493164
68.40078735351562
68.62325286865234
68.47779846191406
68.46068572998047
68.1954345703125
67.6734848022461
68.17831420898438
68.49491119384766
68.47779846191406
68.44357299804688
68.26388549804688
68.72593688964844
68.82861328125
68.10131072998047
68.06708526611328
68.47779846191406
68.6660385131836
68.25532531738281
68.29811096191406
68.71737670898438
67.57936096191406
68.02429962158203
67.01463317871094
68.94840240478516
67.96440124511719
68.52057647705078
68.65748596191406
67.64781188964844
68.78582763671875
67.51946258544922
68.04997253417969
