10.279999732971191
9.960000038146973
13.829999923706055
16.049999237060547
16.510000228881836
19.059999465942383
19.540000915527344
19.6200008392334
20.489999771118164
21.639999389648438
21.280000686645508
22.40999984741211
23.0
23.06999969482422
22.219999313354492
24.139999389648438
24.34000015258789
23.81999969482422
24.309999465942383
24.770000457763672
25.309999465942383
25.530000686645508
25.600000381469727
26.229999542236328
26.690000534057617
26.639999389648438
26.68000030517578
27.06999969482422
27.25
27.209999084472656
27.530000686645508
27.600000381469727
28.06999969482422
27.959999084472656
28.309999465942383
28.239999771118164
28.559999465942383
28.530000686645508
28.34000015258789
28.540000915527344
28.979999542236328
28.770000457763672
29.3700008392334
29.350000381469727
29.459999084472656
29.65999984741211
29.719999313354492
29.760000228881836
29.989999771118164
29.719999313354492
30.049999237060547
30.020000457763672
30.280000686645508
29.899999618530273
30.389999389648438
30.110000610351562
30.399999618530273
30.459999084472656
30.540000915527344
30.59000015258789
30.540000915527344
30.65999984741211
31.0
30.700000762939453
30.829999923706055
30.979999542236328
30.950000762939453
30.989999771118164
30.760000228881836
30.93000030517578
31.06999969482422
31.059999465942383
31.360000610351562
31.18000030517578
30.950000762939453
31.18000030517578
31.059999465942383
31.149999618530273
31.31999969482422
31.309999465942383
31.079999923706055
31.309999465942383
31.270000457763672
31.469999313354492
31.200000762939453
31.520000457763672
31.450000762939453
31.399999618530273
31.520000457763672
31.479999542236328
31.360000610351562
31.389999389648438
31.56999969482422
31.6299991607666
31.600000381469727
31.65999984741211
31.700000762939453
31.549999237060547
31.649999618530273
31.649999618530273
31.809999465942383
31.6299991607666
31.809999465942383
31.81999969482422
31.799999237060547
31.889999389648438
31.889999389648438
31.920000076293945
31.75
32.040000915527344
32.0
31.8799991607666
31.979999542236328
31.889999389648438
31.850000381469727
31.979999542236328
31.969999313354492
31.989999771118164
31.969999313354492
31.979999542236328
32.0099983215332
31.940000534057617
32.040000915527344
32.0
31.959999084472656
32.06999969482422
31.979999542236328
32.02000045776367
32.189998626708984
32.029998779296875
32.119998931884766
32.279998779296875
32.16999816894531
32.099998474121094
32.20000076293945
32.279998779296875
32.20000076293945
32.20000076293945
32.16999816894531
32.25
32.27000045776367
32.209999084472656
32.209999084472656
32.279998779296875
32.310001373291016
32.279998779296875
32.33000183105469
32.33000183105469
32.41999816894531
32.369998931884766
32.52000045776367
32.29999923706055
32.400001525878906
32.34000015258789
32.38999938964844
32.40999984741211
32.38999938964844
32.45000076293945
32.41999816894531
32.369998931884766
32.5099983215332
32.47999954223633
32.52000045776367
32.459999084472656
32.439998626708984
32.5
32.560001373291016
32.45000076293945
32.459999084472656
32.5
32.58000183105469
32.599998474121094
32.529998779296875
32.5099983215332
32.47999954223633
32.5
32.529998779296875
32.52000045776367
32.4900016784668
32.47999954223633
32.5099983215332
32.54999923706055
32.529998779296875
32.56999969482422
32.560001373291016
32.59000015258789
32.59000015258789
32.61000061035156
32.58000183105469
32.61000061035156
32.689998626708984
32.61000061035156
32.63999938964844
32.68000030517578
32.529998779296875
32.650001525878906
32.66999816894531
32.619998931884766
32.65999984741211
32.619998931884766
32.619998931884766
32.529998779296875
32.59000015258789
32.599998474121094
32.56999969482422
32.61000061035156
32.66999816894531
32.61000061035156
32.650001525878906
32.630001068115234
32.599998474121094
32.619998931884766
32.61000061035156
32.630001068115234
32.630001068115234
32.650001525878906
32.66999816894531
32.63999938964844
32.68000030517578
32.63999938964844
32.650001525878906
32.630001068115234
32.65999984741211
32.63999938964844
32.650001525878906
32.689998626708984
32.66999816894531
32.66999816894531
32.68000030517578
32.70000076293945
32.689998626708984
32.68000030517578
32.689998626708984
32.70000076293945
32.70000076293945
32.720001220703125
32.72999954223633
32.709999084472656
32.7400016784668
32.709999084472656
32.720001220703125
32.70000076293945
32.72999954223633
32.709999084472656
32.720001220703125
32.7400016784668
32.72999954223633
32.709999084472656
32.7599983215332
32.77000045776367
32.779998779296875
32.7599983215332
32.77000045776367
32.77000045776367
32.77000045776367
32.779998779296875
32.810001373291016
32.77000045776367
32.77000045776367
32.7599983215332
32.7599983215332
32.790000915527344
32.779998779296875
32.79999923706055
32.81999969482422
32.81999969482422
32.79999923706055
32.81999969482422
32.849998474121094
32.84000015258789
32.83000183105469
32.810001373291016
32.810001373291016
32.81999969482422
32.81999969482422
32.81999969482422
32.81999969482422
32.81999969482422
32.810001373291016
32.81999969482422
32.810001373291016
32.810001373291016
32.84000015258789
32.84000015258789
32.849998474121094
32.84000015258789
32.86000061035156
32.849998474121094
32.86000061035156
32.849998474121094
32.849998474121094
32.86000061035156
32.86000061035156
32.84000015258789
32.849998474121094
32.84000015258789
32.849998474121094
32.849998474121094
32.86000061035156
32.849998474121094
32.849998474121094
32.849998474121094
32.86000061035156
32.86000061035156
32.849998474121094
32.86000061035156
32.86000061035156
32.86000061035156
32.869998931884766
32.869998931884766
32.869998931884766
32.869998931884766
32.86000061035156
32.849998474121094
32.84000015258789
32.849998474121094
32.84000015258789
32.849998474121094
32.86000061035156
32.869998931884766
32.86000061035156
32.86000061035156
32.86000061035156
32.849998474121094
32.869998931884766
32.869998931884766
32.869998931884766
32.869998931884766
32.869998931884766
32.869998931884766
32.86000061035156
32.849998474121094
32.86000061035156
32.86000061035156
32.86000061035156
32.86000061035156
32.86000061035156
32.86000061035156
32.86000061035156
32.86000061035156
32.849998474121094
32.84000015258789
32.84000015258789
32.84000015258789
32.83000183105469
32.84000015258789
32.83000183105469
32.84000015258789
32.81999969482422
32.81999969482422
32.81999969482422
32.81999969482422
32.83000183105469
32.83000183105469
32.81999969482422
32.81999969482422
32.81999969482422
32.81999969482422
32.81999969482422
32.81999969482422
32.81999969482422
32.81999969482422
32.81999969482422
32.81999969482422
32.81999969482422
32.81999969482422
32.810001373291016
32.810001373291016
32.810001373291016
32.810001373291016
32.81999969482422
32.81999969482422
32.81999969482422
32.81999969482422
32.81999969482422
32.81999969482422
32.81999969482422
32.81999969482422
32.81999969482422
32.810001373291016
32.810001373291016
32.810001373291016
32.810001373291016
32.810001373291016
32.810001373291016
32.810001373291016
32.810001373291016
32.810001373291016
32.810001373291016
32.810001373291016
32.810001373291016
32.810001373291016
32.810001373291016
32.810001373291016
32.810001373291016
32.810001373291016
32.810001373291016
32.810001373291016
32.810001373291016
32.810001373291016
32.810001373291016
32.810001373291016
32.810001373291016
32.810001373291016
32.810001373291016
32.810001373291016
32.810001373291016
32.810001373291016
32.810001373291016
32.810001373291016
32.810001373291016
32.810001373291016
32.810001373291016
32.810001373291016
32.810001373291016
32.810001373291016
32.810001373291016
32.810001373291016
32.810001373291016
32.810001373291016
32.810001373291016
32.810001373291016
32.810001373291016
32.810001373291016
32.810001373291016
32.810001373291016
32.810001373291016
32.810001373291016
32.810001373291016
32.810001373291016
32.810001373291016
32.810001373291016
32.810001373291016
32.810001373291016
32.810001373291016
32.810001373291016
32.810001373291016
32.810001373291016
32.810001373291016
32.810001373291016
32.810001373291016
32.810001373291016
32.810001373291016
32.810001373291016
32.810001373291016
32.810001373291016
32.810001373291016
32.810001373291016
32.810001373291016
32.810001373291016
32.810001373291016
32.810001373291016
32.810001373291016
32.810001373291016
32.810001373291016
32.810001373291016
32.810001373291016
32.79999923706055
32.810001373291016
32.810001373291016
32.810001373291016
32.810001373291016
32.810001373291016
32.810001373291016
32.810001373291016
32.810001373291016
32.810001373291016
32.79999923706055
32.79999923706055
32.79999923706055
32.810001373291016
32.810001373291016
32.810001373291016
32.810001373291016
32.810001373291016
32.79999923706055
32.810001373291016
32.810001373291016
32.79999923706055
32.79999923706055
32.79999923706055
32.79999923706055
32.79999923706055
32.79999923706055
32.79999923706055
32.790000915527344
32.790000915527344
32.790000915527344
32.790000915527344
32.790000915527344
32.790000915527344
32.790000915527344
32.790000915527344
32.790000915527344
32.790000915527344
32.790000915527344
32.790000915527344
32.790000915527344
32.790000915527344
32.790000915527344
