2.8749892711639404
3.75631046295166
4.475057601928711
4.697526931762695
6.109352111816406
6.742534637451172
4.791648864746094
9.035680770874023
6.323265075683594
9.754427909851074
10.41327953338623
9.360828399658203
9.814323425292969
9.85710620880127
6.5029520988464355
7.863438129425049
12.586634635925293
5.8013176918029785
12.697869300842285
11.097801208496094
6.905108451843262
10.507401466369629
10.302044868469238
10.156583786010742
11.046462059020996
9.275262832641602
8.18858528137207
13.647643089294434
10.011123657226562
8.701976776123047
19.081029891967773
18.952682495117188
12.817660331726074
10.567296981811523
12.663643836975098
12.193035125732422
19.081029891967773
6.614186763763428
16.548301696777344
20.424402236938477
15.829554557800293
23.847009658813477
10.464618682861328
13.887225151062012
18.097030639648438
23.547531127929688
15.743988990783691
24.822452545166016
25.45563507080078
23.881235122680664
12.732095718383789
20.732437133789062
22.649097442626953
15.384614944458008
24.497304916381836
11.850774765014648
23.051254272460938
5.082570552825928
27.919910430908203
27.389406204223633
19.68854331970215
21.690767288208008
17.85744857788086
22.71755027770996
19.94523811340332
33.781124114990234
25.34440040588379
5.792761325836182
29.297510147094727
21.853342056274414
24.223495483398438
23.83845329284668
27.415077209472656
29.417301177978516
27.885684967041016
31.205612182617188
28.091041564941406
19.371952056884766
12.4753999710083
27.98836326599121
33.67844772338867
27.089929580688477
19.560195922851562
33.97792434692383
29.37451934814453
21.074697494506836
30.11037826538086
28.66432762145996
25.027809143066406
29.682552337646484
33.71267318725586
37.58021545410156
29.69966697692871
27.78300666809082
33.30195999145508
29.75956153869629
37.8369140625
26.097373962402344
32.369300842285156
31.873022079467773
31.719003677368164
30.72644805908203
34.08060073852539
28.595876693725586
31.94147300720215
29.05792808532715
36.56199264526367
36.51921081542969
35.35552215576172
35.12449645996094
34.26884460449219
34.29451370239258
34.191837310791016
35.569435119628906
34.371524810791016
34.970481872558594
37.340633392333984
34.397193908691406
35.30418395996094
35.62077331542969
31.93291664123535
35.12449645996094
35.877471923828125
36.56199264526367
35.9544792175293
35.92025375366211
36.964149475097656
37.4775390625
36.43364334106445
36.98126220703125
32.66877746582031
36.057159423828125
36.72456741333008
34.73945236206055
36.27106857299805
36.219730377197266
38.10216522216797
36.88713836669922
34.49131393432617
40.61777877807617
37.588775634765625
37.460426330566406
37.990928649902344
40.138614654541016
37.33207702636719
39.0177116394043
39.68511962890625
40.86592102050781
39.39419937133789
37.42620086669922
38.30752182006836
34.482757568359375
37.80268859863281
36.22828674316406
36.527767181396484
39.71078872680664
36.784461975097656
37.73423385620117
37.229400634765625
37.39197540283203
37.53743362426758
35.749122619628906
38.18772888183594
38.70112228393555
40.1899528503418
38.170616149902344
34.140499114990234
39.351417541503906
39.06904983520508
39.42842483520508
39.40275573730469
38.74390411376953
40.38675308227539
41.27663040161133
39.08616256713867
39.41986846923828
38.92359161376953
39.71934509277344
41.57611083984375
42.6200065612793
39.95037078857422
37.700008392333984
41.44776153564453
41.233848571777344
42.80824661254883
42.71412658691406
41.26807403564453
36.40797424316406
45.118507385253906
40.63489532470703
42.996490478515625
43.355865478515625
43.86069869995117
42.474544525146484
43.381534576416016
41.83280563354492
45.02438735961914
40.21562576293945
45.21263122558594
41.618892669677734
45.828697204589844
44.75057601928711
45.409427642822266
44.67356872558594
45.272525787353516
44.117393493652344
40.900146484375
44.322750091552734
41.952598571777344
45.82014083862305
46.24796676635742
43.509883880615234
47.454437255859375
47.57422637939453
45.99982833862305
47.796695709228516
41.78146743774414
47.505775451660156
48.64379119873047
43.509883880615234
44.93026351928711
49.93582534790039
43.21895980834961
47.839481353759766
45.88003921508789
47.385986328125
48.0277214050293
49.36254119873047
48.53255844116211
46.17951583862305
48.40420913696289
49.05450439453125
47.88226318359375
50.072731018066406
48.87481689453125
50.75725173950195
47.00094223022461
48.31864547729492
50.4577751159668
49.04594802856445
49.83314895629883
51.347652435302734
51.09951400756836
45.614784240722656
49.46521759033203
50.41498947143555
49.93582534790039
49.70479965209961
52.14340591430664
44.38264846801758
51.15940856933594
49.70479965209961
49.56789779663086
51.88671112060547
50.64601516723633
51.6300163269043
49.9015998840332
52.956275939941406
51.85248565673828
50.021392822265625
51.279197692871094
52.34876251220703
52.254642486572266
50.492000579833984
52.69102478027344
53.58945846557617
51.17652130126953
53.170188903808594
53.59801483154297
51.90382385253906
52.6054573059082
53.82904052734375
53.91460418701172
51.64712905883789
49.037391662597656
52.904937744140625
52.10918045043945
53.20441436767578
51.963722229003906
54.19697189331055
50.79147720336914
52.64824295043945
54.37665939331055
54.00872802734375
50.39787673950195
53.786258697509766
54.641910552978516
54.984169006347656
55.266536712646484
54.53067398071289
53.11885070800781
55.98528289794922
53.97450256347656
54.462223052978516
55.90827560424805
56.30187225341797
53.64935302734375
55.25798034667969
55.77992630004883
52.673912048339844
54.76169967651367
54.29964828491211
55.12107467651367
53.90604782104492
54.92427444458008
51.82681655883789
57.06340408325195
52.19474792480469
56.08795928955078
56.60135269165039
53.401214599609375
57.003509521484375
56.36177062988281
54.616241455078125
56.60135269165039
55.44622039794922
57.029178619384766
57.89338684082031
57.80781936645508
53.94883346557617
56.4045524597168
56.07084655761719
57.7393684387207
57.04629135131836
56.27620315551758
56.62702178955078
57.320098876953125
58.25275802612305
56.06229019165039
58.1158561706543
58.65491485595703
53.88893508911133
54.16274642944336
58.227088928222656
55.43766403198242
57.7393684387207
56.11363220214844
57.85060501098633
57.17463684082031
57.07196044921875
57.31154251098633
58.560794830322266
54.63335418701172
59.58757781982422
58.0987434387207
57.320098876953125
58.646358489990234
59.87849807739258
58.72336959838867
58.44955825805664
58.24420166015625
59.43355941772461
59.04851531982422
59.61324691772461
58.88594055175781
57.09762954711914
60.092411041259766
58.56935119628906
58.646358489990234
59.758705139160156
60.537349700927734
58.24420166015625
59.03995895385742
60.203643798828125
60.46034240722656
58.2869873046875
56.65269088745117
60.691368103027344
60.23786926269531
59.279541015625
61.20475769042969
60.66569519042969
60.9994010925293
60.41755676269531
58.441001892089844
60.42611312866211
60.537349700927734
61.63258361816406
60.28065490722656
58.70625305175781
60.91383743286133
59.6474723815918
60.66569519042969
61.760929107666016
61.829383850097656
61.966285705566406
58.59502029418945
61.02507019042969
61.1705322265625
61.264652252197266
59.06562805175781
60.948062896728516
60.36621856689453
61.41011428833008
61.13630676269531
61.83794021606445
60.68281173706055
60.6314697265625
57.320098876953125
61.264652252197266
58.1158561706543
61.84649658203125
62.05185317993164
61.90639114379883
59.92983627319336
59.69881057739258
61.48712158203125
59.142635345458984
61.9748420715332
58.66347122192383
62.57379913330078
62.222984313964844
60.86249542236328
62.5139045715332
60.118080139160156
60.72559356689453
60.49456787109375
62.29143524169922
62.3427734375
62.49679183959961
61.52134704589844
62.80482482910156
63.02729415893555
62.62513732910156
62.274322509765625
62.99306869506836
62.36844253540039
62.03474044799805
63.63480758666992
62.3427734375
62.21442794799805
63.17275619506836
60.42611312866211
62.80482482910156
63.72893142700195
63.16419982910156
63.24976348876953
62.222984313964844
63.52357482910156
63.01873779296875
63.95140075683594
63.16419982910156
61.63258361816406
61.1619758605957
63.78882598876953
63.309661865234375
64.50757598876953
61.79515838623047
62.36844253540039
64.866943359375
62.39411163330078
63.7032585144043
64.13108825683594
64.40489196777344
62.73637390136719
64.17386627197266
63.18986892700195
61.04218292236328
63.8658332824707
62.49679183959961
61.85505294799805
64.63591766357422
63.754600524902344
63.27543258666992
64.8840560913086
61.940616607666016
63.38666915893555
64.73860168457031
62.299991607666016
64.28510284423828
64.50757598876953
63.27543258666992
64.94395446777344
65.0295181274414
63.93428421020508
65.26054382324219
65.12364196777344
62.454010009765625
64.9525146484375
63.95140075683594
65.43167877197266
64.33644104003906
64.48190307617188
64.33644104003906
65.68836975097656
63.38666915893555
65.32899475097656
64.9525146484375
64.96106719970703
65.2434310913086
64.91828155517578
64.34500122070312
65.66270446777344
65.2434310913086
66.304443359375
64.4134521484375
66.304443359375
66.4156723022461
65.51724243164062
65.61136627197266
