10.039999961853027
11.390000343322754
12.789999961853027
10.399999618530273
16.299999237060547
14.479999542236328
20.3799991607666
10.34000015258789
20.200000762939453
16.8700008392334
10.0
22.280000686645508
23.889999389648438
28.0
29.360000610351562
45.650001525878906
53.0099983215332
50.119998931884766
45.52000045776367
21.239999771118164
42.66999816894531
25.489999771118164
44.36000061035156
46.88999938964844
42.119998931884766
45.41999816894531
40.529998779296875
49.68000030517578
41.709999084472656
47.4900016784668
43.45000076293945
52.5
51.349998474121094
59.31999969482422
56.7599983215332
57.599998474121094
57.02000045776367
46.619998931884766
53.400001525878906
54.130001068115234
47.13999938964844
51.0099983215332
50.02000045776367
44.709999084472656
55.11000061035156
49.58000183105469
51.310001373291016
47.220001220703125
50.459999084472656
62.86000061035156
58.220001220703125
56.22999954223633
52.900001525878906
51.45000076293945
61.86000061035156
54.83000183105469
45.20000076293945
44.029998779296875
52.119998931884766
52.869998931884766
63.61000061035156
59.4900016784668
57.119998931884766
51.27000045776367
54.970001220703125
66.48999786376953
58.709999084472656
59.86000061035156
59.90999984741211
48.95000076293945
63.209999084472656
60.34000015258789
59.380001068115234
57.790000915527344
61.77000045776367
59.4900016784668
60.63999938964844
64.94999694824219
57.09000015258789
52.09000015258789
54.81999969482422
64.05000305175781
64.63999938964844
64.06999969482422
65.66999816894531
62.119998931884766
58.66999816894531
56.849998474121094
56.68000030517578
49.70000076293945
63.11000061035156
55.22999954223633
53.38999938964844
61.63999938964844
71.06999969482422
59.369998931884766
63.689998626708984
64.77999877929688
50.810001373291016
52.90999984741211
65.95999908447266
52.83000183105469
60.529998779296875
56.880001068115234
56.72999954223633
61.61000061035156
51.709999084472656
67.19999694824219
62.56999969482422
58.20000076293945
64.13999938964844
63.15999984741211
64.83000183105469
59.38999938964844
60.40999984741211
64.02999877929688
65.72000122070312
64.55000305175781
63.52000045776367
62.29999923706055
56.970001220703125
48.540000915527344
58.90999984741211
66.37999725341797
61.77000045776367
64.58000183105469
60.75
59.18000030517578
57.25
59.52000045776367
62.15999984741211
62.650001525878906
68.23999786376953
60.9900016784668
62.9900016784668
56.099998474121094
65.45999908447266
63.47999954223633
66.91000366210938
66.75
63.61000061035156
62.810001373291016
57.689998626708984
54.79999923706055
60.790000915527344
58.560001373291016
65.91999816894531
67.91000366210938
64.41000366210938
58.7599983215332
66.2699966430664
56.2599983215332
61.47999954223633
57.790000915527344
63.900001525878906
61.7599983215332
62.310001373291016
65.16999816894531
62.4900016784668
65.63999938964844
65.30999755859375
61.02000045776367
55.2599983215332
64.33000183105469
60.209999084472656
68.26000213623047
60.810001373291016
65.13999938964844
70.2300033569336
65.13999938964844
69.88999938964844
58.04999923706055
66.66000366210938
67.33000183105469
64.01000213623047
62.68000030517578
63.40999984741211
65.33999633789062
64.75
55.63999938964844
61.970001220703125
67.72000122070312
66.12000274658203
65.4000015258789
65.83999633789062
65.04000091552734
67.54000091552734
64.36000061035156
65.7300033569336
60.81999969482422
64.33999633789062
68.5
61.63999938964844
64.93000030517578
65.80000305175781
60.54999923706055
67.05000305175781
63.54999923706055
68.44000244140625
66.08999633789062
66.68000030517578
67.5999984741211
56.75
59.20000076293945
69.56999969482422
67.81999969482422
65.9800033569336
65.26000213623047
60.220001220703125
63.29999923706055
68.81999969482422
67.91000366210938
69.30999755859375
67.54000091552734
67.75
62.61000061035156
66.9800033569336
71.5
64.72000122070312
70.58999633789062
71.02999877929688
68.9800033569336
68.91000366210938
65.06999969482422
62.95000076293945
65.22000122070312
65.62000274658203
59.040000915527344
66.45999908447266
70.27999877929688
63.84000015258789
66.55000305175781
66.41999816894531
65.80999755859375
67.8499984741211
65.93000030517578
64.55000305175781
68.19000244140625
67.91000366210938
69.1500015258789
66.94000244140625
67.69999694824219
67.4000015258789
68.7699966430664
74.22000122070312
68.23999786376953
67.8499984741211
61.70000076293945
65.94999694824219
70.38999938964844
66.55000305175781
67.87999725341797
63.349998474121094
71.63999938964844
72.95999908447266
66.0
66.91000366210938
69.97000122070312
66.62999725341797
71.87000274658203
62.63999938964844
71.20999908447266
65.79000091552734
59.150001525878906
71.61000061035156
69.87000274658203
66.63999938964844
70.22000122070312
66.30999755859375
69.38999938964844
69.20999908447266
65.30999755859375
59.06999969482422
64.18000030517578
66.66000366210938
71.2699966430664
71.33999633789062
68.23999786376953
65.5999984741211
66.38999938964844
64.77999877929688
70.37000274658203
69.2699966430664
72.58000183105469
68.02999877929688
69.23999786376953
72.94999694824219
70.48999786376953
69.01000213623047
72.56999969482422
64.76000213623047
70.51000213623047
63.88999938964844
73.44999694824219
67.29000091552734
67.5999984741211
65.02999877929688
64.11000061035156
67.58999633789062
63.150001525878906
66.83000183105469
68.76000213623047
68.83000183105469
60.9900016784668
71.19000244140625
70.08000183105469
69.63999938964844
73.33999633789062
69.6500015258789
69.4000015258789
69.44999694824219
73.52999877929688
68.9000015258789
70.79000091552734
70.0
69.37000274658203
69.62999725341797
69.22000122070312
73.8499984741211
69.12000274658203
67.01000213623047
68.06999969482422
65.97000122070312
63.86000061035156
71.3499984741211
67.79000091552734
69.12999725341797
60.16999816894531
71.55999755859375
64.58999633789062
69.27999877929688
73.01000213623047
65.16999816894531
70.48999786376953
65.69000244140625
58.970001220703125
69.41999816894531
70.62999725341797
73.06999969482422
71.06999969482422
71.5999984741211
68.41999816894531
65.2699966430664
73.2699966430664
69.37999725341797
69.41999816894531
62.0099983215332
67.4800033569336
68.83999633789062
72.83000183105469
70.77999877929688
69.44999694824219
72.52999877929688
67.77999877929688
71.18000030517578
69.44999694824219
69.47000122070312
70.30000305175781
69.33999633789062
68.69000244140625
67.83000183105469
65.93000030517578
55.790000915527344
62.66999816894531
65.55000305175781
72.37999725341797
72.23999786376953
71.0999984741211
73.83999633789062
71.5
66.69999694824219
71.95999908447266
73.27999877929688
72.25
58.349998474121094
69.37000274658203
66.13999938964844
63.33000183105469
72.97000122070312
67.08000183105469
74.4800033569336
73.06999969482422
70.43000030517578
72.87999725341797
69.1500015258789
72.72000122070312
68.6500015258789
72.87000274658203
70.91999816894531
68.48999786376953
67.29000091552734
72.58000183105469
57.0
71.25
71.44999694824219
67.54000091552734
70.7300033569336
72.5
73.12999725341797
73.12999725341797
64.1500015258789
71.56999969482422
70.16000366210938
75.2300033569336
66.95999908447266
65.30000305175781
72.81999969482422
69.12000274658203
71.41000366210938
71.01000213623047
68.5999984741211
66.77999877929688
72.97000122070312
69.73999786376953
68.91999816894531
64.33999633789062
72.2300033569336
67.44999694824219
74.58000183105469
72.19000244140625
70.3499984741211
65.20999908447266
70.98999786376953
73.79000091552734
72.66999816894531
69.5999984741211
70.47000122070312
69.30000305175781
63.130001068115234
69.30000305175781
66.11000061035156
71.4000015258789
73.55000305175781
72.6500015258789
69.30000305175781
72.80000305175781
74.27999877929688
70.04000091552734
74.5
70.11000061035156
73.58000183105469
70.93000030517578
69.63999938964844
66.81999969482422
66.9800033569336
71.63999938964844
70.55000305175781
72.5999984741211
73.2300033569336
71.25
74.79000091552734
72.41999816894531
71.88999938964844
69.63999938964844
72.43000030517578
73.55999755859375
73.45999908447266
74.62999725341797
73.27999877929688
72.72000122070312
63.560001373291016
69.91999816894531
75.04000091552734
70.83999633789062
73.94999694824219
74.68000030517578
67.86000061035156
73.16000366210938
71.25
64.27999877929688
68.08999633789062
64.44999694824219
69.80999755859375
64.63999938964844
75.0
70.86000061035156
68.56999969482422
72.2699966430664
70.7300033569336
70.30000305175781
69.87000274658203
71.80999755859375
68.97000122070312
70.05000305175781
66.55999755859375
65.55999755859375
74.88999938964844
72.0
74.18000030517578
74.37000274658203
70.41000366210938
71.2699966430664
65.47000122070312
66.48999786376953
71.95999908447266
66.02999877929688
70.91000366210938
73.30999755859375
64.47000122070312
66.62999725341797
