7.452725410461426
10.190810203552246
3.619406223297119
6.220586776733398
10.319157600402832
8.727645874023438
4.432275295257568
3.636519193649292
7.478394985198975
4.740309715270996
4.24403190612793
3.610849618911743
11.260375022888184
13.733207702636719
3.6878583431243896
3.9616668224334717
17.215709686279297
15.957901954650879
8.36827278137207
10.233592987060547
17.720544815063477
15.684093475341797
4.8344316482543945
15.769659042358398
4.979892253875732
25.062034606933594
23.829896926879883
25.857789993286133
6.3574910163879395
18.396509170532227
18.319499969482422
22.897235870361328
15.624197959899902
17.215709686279297
21.973133087158203
26.747669219970703
29.186275482177734
27.560537338256836
26.088815689086914
17.61786651611328
34.072044372558594
34.49987030029297
13.673312187194824
24.685548782348633
31.93291664123535
29.092153549194336
27.51775550842285
39.27440643310547
36.47642517089844
34.713783264160156
37.78557205200195
34.576881408691406
17.61786651611328
28.912466049194336
25.447078704833984
27.31239891052246
27.60331916809082
30.503978729248047
28.527423858642578
35.23573303222656
32.29228973388672
36.998374938964844
36.41653060913086
39.0091552734375
36.74168014526367
38.92359161376953
31.93291664123535
30.555316925048828
29.40874481201172
33.78968048095703
33.89236068725586
33.43030548095703
38.290409088134766
40.56644058227539
34.054931640625
35.809017181396484
22.486522674560547
36.057159423828125
34.17472457885742
35.14160919189453
27.218276977539062
40.60066604614258
36.98981857299805
33.2335090637207
41.909812927246094
30.059040069580078
37.94814682006836
35.00470733642578
42.14939498901367
36.79301834106445
33.19927978515625
37.76845932006836
39.462650299072266
37.21228790283203
37.81124496459961
41.54188537597656
41.285186767578125
45.1441764831543
35.65500259399414
45.52922058105469
44.81903076171875
35.08171463012695
45.614784240722656
42.320526123046875
40.69478988647461
48.832035064697266
39.5482177734375
42.85103225708008
42.17506790161133
41.57611083984375
46.487548828125
37.81124496459961
40.39530944824219
41.11405944824219
47.428768157958984
37.71712112426758
43.50132751464844
49.05450439453125
44.160179138183594
46.20518493652344
42.97937774658203
48.35287094116211
42.654232025146484
44.99871826171875
43.68101119995117
46.008384704589844
42.71412658691406
47.0351676940918
46.31642150878906
45.614784240722656
45.78591537475586
47.96782684326172
42.97937774658203
47.41165542602539
44.622230529785156
43.5954475402832
48.044837951660156
49.08017349243164
44.71635055541992
45.974159240722656
42.90237045288086
48.472660064697266
48.23307800292969
48.986053466796875
49.65346145629883
48.82347869873047
43.39009094238281
46.11962127685547
45.98271560668945
48.755027770996094
46.829811096191406
49.70479965209961
47.44588088989258
49.841705322265625
45.922821044921875
51.47599792480469
47.43732452392578
50.32942581176758
49.96149444580078
51.36476516723633
49.67057418823242
51.8011474609375
49.88448715209961
51.6214599609375
48.63523483276367
51.6214599609375
55.762813568115234
53.580902099609375
54.41944122314453
55.80559539794922
53.85470962524414
55.8654899597168
56.15641403198242
56.86660385131836
55.43766403198242
53.36698913574219
51.67279815673828
54.1370735168457
52.76803207397461
51.93804931640625
52.639686584472656
51.36476516723633
51.69846725463867
52.70813751220703
51.373321533203125
53.46110916137695
52.65679931640625
52.614013671875
55.57456970214844
56.2248649597168
50.55189514160156
54.385215759277344
54.171302795410156
55.138187408447266
57.17463684082031
56.65269088745117
55.65157699584961
55.497562408447266
57.371437072753906
58.509456634521484
56.935054779052734
57.72225570678711
57.06340408325195
56.5671272277832
54.65902328491211
58.466670989990234
58.19286346435547
55.557456970214844
59.236759185791016
57.7564811706543
58.32121276855469
58.96295166015625
55.57456970214844
58.60357666015625
58.74903869628906
58.9116096496582
58.55223846435547
56.353214263916016
57.448448181152344
53.05039978027344
55.00983810424805
56.669803619384766
58.24420166015625
55.36921310424805
58.1158561706543
56.798152923583984
59.0912971496582
59.94694900512695
59.19397735595703
59.707366943359375
58.59502029418945
59.159751892089844
60.00684356689453
56.2248649597168
58.466670989990234
58.406776428222656
57.61957550048828
58.406776428222656
57.30298614501953
58.72336959838867
59.758705139160156
59.95550537109375
60.31488037109375
60.6314697265625
60.22075653076172
60.22075653076172
58.714813232421875
60.4432258605957
57.345767974853516
59.76726150512695
60.229312896728516
59.527679443359375
61.059295654296875
60.70848083496094
61.213314056396484
60.59724426269531
60.588687896728516
60.91383743286133
60.879608154296875
60.08385467529297
54.932830810546875
56.053733825683594
60.691368103027344
60.34910583496094
61.778045654296875
60.66569519042969
60.69992446899414
60.46889877319336
60.9994010925293
61.264652252197266
61.23042678833008
60.00684356689453
61.09352111816406
59.553348541259766
60.18653106689453
61.29887771606445
61.09352111816406
60.066741943359375
59.51056671142578
60.177974700927734
58.55223846435547
60.14374923706055
61.42722702026367
60.57157516479492
61.213314056396484
58.800376892089844
59.596134185791016
60.00684356689453
60.25498580932617
60.57157516479492
60.674251556396484
61.43578338623047
59.35654830932617
61.10207748413086
61.31599044799805
62.40266799926758
62.41978454589844
62.6935920715332
61.71814727783203
61.983402252197266
61.88072204589844
62.1716423034668
61.51279067993164
61.3587760925293
61.1705322265625
61.470008850097656
61.61547088623047
62.19731140136719
62.1630859375
62.18875503540039
60.794044494628906
61.53845977783203
61.547019958496094
60.14374923706055
60.72559356689453
60.66569519042969
59.49345397949219
60.8197135925293
62.094635009765625
60.57157516479492
61.444339752197266
61.889278411865234
61.31599044799805
62.19731140136719
60.72559356689453
59.031402587890625
59.861385345458984
62.21442794799805
61.70103454589844
61.966285705566406
59.36510467529297
61.914947509765625
60.72559356689453
61.547019958496094
61.760929107666016
61.99195861816406
61.47856521606445
60.52023696899414
62.248653411865234
62.770599365234375
61.24753952026367
61.85505294799805
62.274322509765625
63.27543258666992
63.061519622802734
62.325660705566406
62.5139045715332
63.11286163330078
62.66792297363281
62.479679107666016
62.49679183959961
62.274322509765625
62.5224609375
62.39411163330078
62.428340911865234
60.8111572265625
60.75126266479492
63.01873779296875
63.43800735473633
62.590911865234375
61.983402252197266
63.54924392700195
63.472232818603516
63.32677459716797
63.129974365234375
62.46256637573242
62.659366607666016
62.57379913330078
62.30854797363281
62.975955963134766
62.59946823120117
62.24009704589844
61.95772933959961
62.7107048034668
63.37811279296875
63.37811279296875
63.01873779296875
63.28398895263672
63.01018142700195
62.57379913330078
62.81338119506836
63.309661865234375
63.600582122802734
63.078636169433594
62.62513732910156
63.28398895263672
63.58346939086914
62.7021484375
62.145973205566406
62.7107048034668
62.975955963134766
62.068965911865234
63.309661865234375
63.81449508666992
63.8658332824707
63.58346939086914
63.651920318603516
63.92572784423828
63.64336395263672
63.23265075683594
63.31821823120117
63.02729415893555
63.01018142700195
63.05296325683594
63.472232818603516
63.90005874633789
63.515018463134766
62.31710433959961
62.59946823120117
63.395225524902344
63.58346939086914
62.479679107666016
63.515018463134766
63.54924392700195
63.48934555053711
62.85616683959961
63.361000061035156
63.25831985473633
64.09686279296875
62.659366607666016
63.335330963134766
63.857276916503906
64.40489196777344
63.76315689086914
63.81449508666992
63.857276916503906
63.66047668457031
63.66047668457031
63.61769485473633
64.2337646484375
64.38777923583984
64.0711898803711
63.90005874633789
63.43800735473633
63.54924392700195
63.04440689086914
63.19842529296875
63.72893142700195
64.09686279296875
64.19097900390625
63.27543258666992
63.43800735473633
63.77171325683594
64.37922668457031
64.29366302490234
63.73748779296875
63.6947021484375
63.711814880371094
63.63480758666992
63.82305145263672
62.72781753540039
63.09574890136719
63.959957122802734
63.97706985473633
63.84016418457031
64.14820098876953
63.6947021484375
63.805938720703125
64.06263732910156
64.20809173583984
63.96851348876953
63.74604415893555
62.744930267333984
63.72037124633789
63.66903305053711
63.420894622802734
63.58346939086914
63.8658332824707
63.66903305053711
63.90005874633789
64.34500122070312
65.0637435913086
64.53324127197266
62.8818359375
63.08719253540039
62.73637390136719
64.20809173583984
64.45623016357422
64.3963394165039
63.20698165893555
64.16531372070312
64.83271789550781
64.27655029296875
64.20809173583984
64.40489196777344
64.87550354003906
63.58346939086914
63.23265075683594
62.90750503540039
63.92572784423828
64.07975006103516
64.0540771484375
63.56635665893555
63.97706985473633
64.04551696777344
64.0540771484375
63.92572784423828
64.0369644165039
63.81449508666992
64.2337646484375
