9.329999923706055
9.510000228881836
9.720000267028809
11.579999923706055
15.359999656677246
16.690000534057617
12.15999984741211
13.520000457763672
18.93000030517578
23.84000015258789
21.84000015258789
31.25
30.059999465942383
41.040000915527344
50.619998931884766
45.290000915527344
55.9900016784668
52.29999923706055
57.5099983215332
53.90999984741211
57.959999084472656
54.86000061035156
59.060001373291016
59.95000076293945
60.869998931884766
62.52000045776367
62.650001525878906
65.43000030517578
65.62000274658203
63.040000915527344
67.4800033569336
65.33000183105469
65.0199966430664
68.31999969482422
66.97000122070312
65.25
67.44999694824219
67.83000183105469
67.33000183105469
67.79000091552734
67.30000305175781
66.01000213623047
68.73999786376953
69.9000015258789
67.66000366210938
69.43000030517578
70.4000015258789
69.94000244140625
71.1500015258789
70.22000122070312
68.63999938964844
70.55000305175781
71.0999984741211
71.06999969482422
70.29000091552734
71.22000122070312
69.93000030517578
71.5199966430664
71.66000366210938
70.94000244140625
70.43000030517578
71.76000213623047
69.94999694824219
69.69999694824219
69.4800033569336
69.41999816894531
69.20999908447266
69.94999694824219
72.37999725341797
72.08000183105469
73.11000061035156
72.44999694824219
72.25
72.4800033569336
72.69999694824219
71.30999755859375
71.94999694824219
72.12999725341797
72.3499984741211
72.04000091552734
71.86000061035156
72.4000015258789
72.16999816894531
72.31999969482422
72.47000122070312
72.58000183105469
72.87000274658203
72.91999816894531
73.9800033569336
74.27999877929688
75.02999877929688
75.01000213623047
75.61000061035156
76.06999969482422
76.41999816894531
76.9800033569336
76.52999877929688
76.2699966430664
76.02999877929688
76.58999633789062
76.01000213623047
76.62000274658203
76.8499984741211
76.83000183105469
76.9800033569336
77.12000274658203
77.19999694824219
77.30000305175781
77.20999908447266
77.27999877929688
77.19000244140625
77.38999938964844
77.58000183105469
77.58999633789062
77.5999984741211
77.44000244140625
77.52999877929688
77.5
77.58999633789062
77.68000030517578
77.69999694824219
77.70999908447266
77.79000091552734
77.66999816894531
77.58999633789062
77.69000244140625
77.62000274658203
77.76000213623047
77.79000091552734
77.83999633789062
77.88999938964844
77.98999786376953
77.94000244140625
77.88999938964844
77.86000061035156
77.88999938964844
77.83999633789062
77.8499984741211
77.83000183105469
77.80000305175781
77.79000091552734
77.83000183105469
77.83000183105469
77.91999816894531
77.93000030517578
77.93000030517578
77.93000030517578
77.91999816894531
78.04000091552734
78.06999969482422
78.05000305175781
78.04000091552734
78.0
78.04000091552734
78.01000213623047
78.0
77.98999786376953
78.0199966430664
77.98999786376953
77.98999786376953
77.97000122070312
77.98999786376953
78.0
78.01000213623047
77.9800033569336
77.95999908447266
77.9800033569336
77.98999786376953
78.0199966430664
78.0199966430664
78.0199966430664
78.0199966430664
78.0199966430664
78.04000091552734
78.0199966430664
77.98999786376953
78.0199966430664
78.0
78.01000213623047
78.0
77.95999908447266
77.97000122070312
78.0
78.0199966430664
78.0199966430664
78.04000091552734
78.01000213623047
78.04000091552734
78.06999969482422
78.05000305175781
78.06999969482422
78.06999969482422
78.08000183105469
78.02999877929688
78.05000305175781
78.05000305175781
78.0199966430664
78.02999877929688
78.0199966430664
78.04000091552734
